3.107979188725230370e-11
2.972601868304826080e-11
2.842809328379435583e-11
2.718414509894173412e-11
2.599272607033013227e-11
2.485535191248711913e-11
2.376937352514079048e-11
2.273038528122908577e-11
2.173507322047581565e-11
2.078404405878263365e-11
1.987498538107977878e-11
1.900687910544770385e-11
1.817896195787222521e-11
1.738862853259131108e-11
1.663129469629487971e-11
1.590513684136058845e-11
1.520920031045067299e-11
1.454258988907864519e-11
1.390616595313193884e-11
1.329854343915359055e-11
1.271723011973252880e-11
1.216033775205807643e-11
1.162820009485124429e-11
1.111955094053982973e-11
1.063378282774109072e-11
1.017050170426911237e-11
9.728273013087832417e-12
9.304566707504306027e-12
8.898267586080407849e-12
8.508892062438374727e-12
8.135892764560370348e-12
7.779755029490669355e-12
7.439758692316442331e-12
7.114495646143581334e-12
6.802891022441323662e-12
6.505125459600958515e-12
6.220506783509660813e-12
5.948674073317134028e-12
5.689425138667612228e-12
5.441969717287626389e-12
5.204911930702782449e-12
4.977575338718855495e-12
4.759717232723605758e-12
4.551005838003075287e-12
4.351713072727498983e-12
4.161467025782897710e-12
3.979473059704955455e-12
3.805119577744966959e-12
3.638503188535450512e-12
3.479245850607702061e-12
3.327134190226130597e-12
3.182064606533832716e-12
3.043602112706303696e-12
2.910976663142203029e-12
2.783781057739597270e-12
2.661894653395199113e-12
2.545117920008321621e-12
2.433601957134383473e-12
2.327156443612523348e-12
2.225333348346770176e-12
2.127784922103155397e-12
2.034562155903955371e-12
1.945458709899985276e-12
1.860349054215107324e-12
1.779180005826660334e-12
1.701712579519027130e-12
1.627521849736198828e-12
1.556364440315662202e-12
1.488180979303255255e-12
1.422852257110671765e-12
1.360461664282983561e-12
1.300912708736116882e-12
1.243953092428435926e-12
1.189385265151385015e-12
1.137235705012299963e-12
1.087391858523132446e-12
1.039780209887914238e-12
9.943733760481011089e-13
9.510402837991284264e-13
9.095464005319934952e-13
8.697472575494871473e-13
8.316138061922305458e-13
7.950754007646751125e-13
7.601777301753237585e-13
7.268722862474876193e-13
6.950172562509773620e-13
6.645005697575437212e-13
6.353356243751515778e-13
6.074610845968188397e-13
5.808340669764129741e-13
5.554404781052657823e-13
5.312084486419223386e-13
5.080086093949394534e-13
4.857556837240225651e-13
4.644354832178715678e-13
4.440065638770923720e-13
4.244936674134923049e-13
4.058726799038060118e-13
3.880640333336797963e-13
3.710042587347683345e-13
3.546998605905939248e-13
3.391175285389360013e-13
3.242322739858707361e-13
3.100368910412972549e-13
2.964919079887898616e-13
2.835260933549647335e-13
2.710893314271486513e-13
2.591747027577623871e-13
2.477580840267492389e-13
2.368527344471177990e-13
2.264468051892611081e-13
2.164957312665202074e-13
2.069636808825589535e-13
1.978535550039614272e-13
1.891473864453427634e-13
1.808306104133294411e-13
1.728995602477643515e-13
1.653325394310101139e-13
1.580903996239143268e-13
1.511437864272572522e-13
1.444893705803321494e-13
1.381131526416806065e-13
1.320222025734072620e-13
1.262107535341716552e-13
1.206538946915798548e-13
1.153314754563344429e-13
1.102445832732593167e-13
1.053836125995290447e-13
1.007400790155169824e-13
9.631210275120296589e-14
9.208777433283445011e-14
8.804560752240742338e-14
8.416846850918146121e-14
8.045477620061505164e-14
7.689643840016163751e-14
7.349719209719887470e-14
7.025427023423725587e-14
6.715377497881154170e-14
6.418441525698314450e-14
6.134643434118113935e-14
5.863474683643503882e-14
5.604441653676321879e-14
5.357446766089204337e-14
5.121837464874788448e-14
4.896435736475352911e-14
4.680245827065062799e-14
4.473193067115589914e-14
4.274811384726644358e-14
4.085296581089363904e-14
3.904518566868281579e-14
3.731702871658283510e-14
3.566219384048418298e-14
3.408058022342446852e-14
3.256952003823086104e-14
3.112615048653973998e-14
2.974995351034155462e-14
2.843736163230308886e-14
2.718192356088813894e-14
2.597787849810701177e-14
2.482487238674833762e-14
2.372022985418794590e-14
2.266496906337075191e-14
2.165849077071115307e-14
2.069648850391015380e-14
1.977545623383608343e-14
1.889519349548764723e-14
1.805431067225377362e-14
1.725115368988225266e-14
1.648544000653792606e-14
1.575522430060065967e-14
1.505697834456402328e-14
1.438738383241652234e-14
1.374627183064301836e-14
1.313211053988308156e-14
1.254542483771939145e-14
1.198594500339493307e-14
1.145128338509559057e-14
1.093949398423658210e-14
1.045037863806342721e-14
9.983219978097283021e-15
9.537064772315680216e-15
9.111755433470405418e-15
8.706232507583687307e-15
8.318570810616895194e-15
7.946867247429565564e-15
7.591039023723435864e-15
7.250212896536168760e-15
6.924654991147094583e-15
6.614248393011702947e-15
6.317672964749144820e-15
6.033851608775565332e-15
5.762622713715215428e-15
5.503619810143467880e-15
5.256294768540057482e-15
5.020557625331330367e-15
4.795832672208249639e-15
4.581071426568894307e-15
4.375188126198607434e-15
4.178139519915850407e-15
3.989430978449177207e-15
3.809193929955896324e-15
3.637380322708067874e-15
3.473262609854936647e-15
3.316246433333725840e-15
3.166212019213982406e-15
3.022973994937327332e-15
2.886218058549005286e-15
2.755891881653058378e-15
2.631683093152139511e-15
2.513022292150144469e-15
2.399292915325022379e-15
2.290470886322077787e-15
2.186277844420962382e-15
2.086776316913116509e-15
1.991947985828381183e-15
1.901393517278253641e-15
1.814785877418053922e-15
1.732041397202245815e-15
1.653067197741255132e-15
1.577683752759791761e-15
1.505859929163301970e-15
1.437426800194835976e-15
1.372075927402944417e-15
1.309458958444797972e-15
1.249561603221770497e-15
1.192228325693392125e-15
1.137487186663664246e-15
1.085332132806078463e-15
1.035544956918124319e-15
9.879460706276121430e-16
9.424796538946044617e-16
8.990994679415197820e-16
8.577033806082012037e-16
8.182725888251514351e-16
7.807160079660203906e-16
7.448670939276135545e-16
7.105301286513451609e-16
6.776961677924447866e-16
6.462789083125534761e-16
6.162898371349941887e-16
5.877275027045457588e-16
5.604732121597632338e-16
5.344286322482772841e-16
5.095577544829670050e-16
4.858376393216424868e-16
4.632105095240133540e-16
4.416648116519318134e-16
4.211515971875582361e-16
4.015812742183146493e-16
3.828446346185712851e-16
3.649358143331268036e-16
3.478072465295362916e-16
3.314628922310196694e-16
3.159027438676476238e-16
3.010625766382824994e-16
2.868886992423958849e-16
2.733585147070375108e-16
2.604606550694538547e-16
2.481626256899726983e-16
2.364572578289211764e-16
2.253183287389962149e-16
2.146978265655914866e-16
2.045353197521390122e-16
1.948268755135324730e-16
1.855464429079515307e-16
1.766948192610810036e-16
1.682722797808879717e-16
1.602442780019208472e-16
1.525815873523294456e-16
1.452703681153116045e-16
1.383049688700272494e-16
1.316672219617901169e-16
1.253526648084814775e-16
1.193472877152427461e-16
1.136254908636316888e-16
1.081541207206364571e-16
1.029305489983545426e-16
9.794060387307870429e-17
9.318392209229337710e-17
8.866069880714259899e-17
8.435248984059728079e-17
8.024344779475292842e-17
7.632527916181188035e-17
7.259514273567250187e-17
6.904294586921947462e-17
6.566591824855981158e-17
6.245659041578954534e-17
5.940139953220435733e-17
5.648233460372180726e-17
5.369765721243327905e-17
5.103971525123531335e-17
4.850785134143135483e-17
4.610212641955023694e-17
4.381278603007979856e-17
4.163127376259839506e-17
3.955272088166984232e-17
3.757566749015994857e-17
3.569455195527269898e-17
3.390766596994485083e-17
3.221103223731920029e-17
3.059751825319979844e-17
2.905745524085183770e-17
2.758970650156454338e-17
2.619017398136702672e-17
2.485824335889993689e-17
2.359388188103143237e-17
2.239198389783793451e-17
2.124795734225872441e-17
2.015899970260618292e-17
1.912433655737548441e-17
1.814093541016353625e-17
1.720775094332490097e-17
1.632266822253258041e-17
1.548196928599989979e-17
1.468053585546823521e-17
1.391763573782411342e-17
1.319109447178704246e-17
1.250043858333522657e-17
1.184559400233333752e-17
1.122391587535744161e-17
1.063296170638574808e-17
1.007114930473509670e-17
9.538052225431302208e-18
9.032038760335290546e-18
8.552474506464620236e-18
8.098239034604580773e-18
7.667413563019159600e-18
7.257332545571558699e-18
6.867532666013609076e-18
6.496873805104762827e-18
6.145024903996154163e-18
5.811905448885274115e-18
5.496160143946929489e-18
5.196506167838147310e-18
4.912067467562923885e-18
4.642601522546766612e-18
4.387242627642935401e-18
4.145612085635602948e-18
3.917118865479335929e-18
3.700784483914627173e-18
3.495247351696177065e-18
3.300220192665644592e-18
3.115113956047217782e-18
2.939711648898555521e-18
2.773943438594042423e-18
2.617123953191224453e-18
2.468589451574267089e-18
2.327865112007353071e-18
2.194810573672220238e-18
2.068973333306586898e-18
1.950132397754396136e-18
1.837978136729741755e-18
1.732018572873164028e-18
1.631573587020450626e-18
1.536469979935816182e-18
1.446408353189537695e-18
1.361253810835790401e-18
1.280952876205224669e-18
1.205164556415163792e-18
1.133551530255578335e-18
1.065862756416546195e-18
1.002016477898119804e-18
9.417805687765837544e-19
8.850293553255253513e-19
8.316025255962720599e-19
7.812567897259056878e-19
7.336612270438741170e-19
6.887148640626981583e-19
6.462684175426115043e-19
6.062419118481718319e-19
5.685980454743212904e-19
5.331704206778992929e-19
4.997913458648361973e-19
4.683318998252800130e-19
4.387448433577673605e-19
4.109137729716356698e-19
3.847694237097606509e-19
3.602302372099114034e-19
3.371783446888216143e-19
3.154575649923654805e-19
2.950113611589299606e-19
2.757668972230426437e-19
2.576790169905747986e-19
2.407236273903375409e-19
2.248214227361630258e-19
2.098913263827133812e-19
1.958693023763702506e-19
1.827286867290044831e-19
1.704127345085340094e-19
1.588846752608532357e-19
1.481039908424284750e-19
1.380150756727914148e-19
1.285467525380492257e-19
1.196688583680765086e-19
1.113467464086175249e-19
1.035561979074009079e-19
9.628274973226764566e-20
8.948969859536243300e-20
8.313917007686828455e-20
7.720057593497376389e-20
7.165943967941121218e-20
6.648904148040776102e-20
6.167072886405067478e-20
5.718500111534443038e-20
5.300651350762900700e-20
4.910412432994783667e-20
4.546260645627431776e-20
4.206600682993667127e-20
3.890204241884145497e-20
3.596266966242907166e-20
3.323150538902736241e-20
3.069160102508320342e-20
2.832901427736289818e-20
2.613628978229820633e-20
2.410138389115021703e-20
2.221533694319913373e-20
2.046915923470210994e-20
1.885179445567222145e-20
1.735026433225663903e-20
1.595735937121474434e-20
1.466603858592222738e-20
1.347046324900679780e-20
1.236651212533560756e-20
1.134720596488293637e-20
1.040535666017455523e-20
9.534962961545365454e-21
8.732437628854776788e-21
7.992647144675161908e-21
7.311565336423332185e-21
6.685278827026606924e-21
6.109231140266488675e-21
5.578324339867909328e-21
5.089395810017982239e-21
4.639507321834811387e-21
4.226092509241183195e-21
3.847226223001686833e-21
3.500111891834136866e-21
3.181902107279905002e-21
2.890190990428537593e-21
2.623395354848298124e-21
2.379478621627026792e-21
2.156775630111865101e-21
1.953707552753801601e-21
1.768530667922184566e-21
1.599385070696090606e-21
1.445005833857633832e-21
1.304256404513543552e-21
1.176111608254494806e-21
1.059764820170206219e-21
9.541829899996180682e-22
8.583323142527157971e-22
7.713315824623100852e-22
6.925535541304717800e-22
6.212619037157387138e-22
5.568360253864757905e-22
4.986994152675751372e-22
4.462461164282873571e-22
3.988585789372988701e-22
3.560852855725786867e-22
3.175290040805082649e-22
2.828258928436089363e-22
2.516795307582982060e-22
2.237470044688071362e-22
1.986927939391623592e-22
1.762293860755316012e-22
1.561394588331212635e-22
1.381868425784914800e-22
1.221686976162880075e-22
1.078999700288177243e-22
9.519484298847072072e-23
8.387183216258404575e-23
7.379100472603152609e-23
6.483091765595599012e-23
5.688018873875007200e-23
4.984597564664864173e-23
4.362934869872419615e-23
3.813604212482183095e-23
3.328522325313380371e-23
2.901316551836461584e-23
2.525497062989217653e-23
2.195448340617413535e-23
1.906136602645588123e-23
1.652716779881049282e-23
1.430639888209914761e-23
1.236274940965213447e-23
1.066505179661217468e-23
9.184995369671043951e-24
7.898720727420783450e-24
6.782458947211317376e-24
5.814221398182996439e-24
4.975248451725790679e-24
4.250377902117349965e-24
3.625003807114246155e-24
3.086528423605587326e-24
2.623875953882462824e-24
2.226804212645257894e-24
1.886048414102481648e-24
1.594084857019399783e-24
1.344534233258886266e-24
1.131709288346104047e-24
