2.427496364222093028e+00
2.420375734705644710e+00
2.413272428368619327e+00
2.406187000439290014e+00
2.399120124858755698e+00
2.392071742095872811e+00
2.385041150666924903e+00
2.378028169647703916e+00
2.371033139172698423e+00
2.364056163334409710e+00
2.357096977808472715e+00
2.350155324614782604e+00
2.343230432835437860e+00
2.336321469988438704e+00
2.329428291264242112e+00
2.322551746439966092e+00
2.315692375797301139e+00
2.308850836474520829e+00
2.302027099806303045e+00
2.295220486143788374e+00
2.288430802655436302e+00
2.281658366722189246e+00
2.274903301285947865e+00
2.268165347493341866e+00
2.261444263788945808e+00
2.254739315833712343e+00
2.248049690240842224e+00
2.241375214389965453e+00
2.234716704103747897e+00
2.228074686270137494e+00
2.221449800701090105e+00
2.214842047728674324e+00
2.208250770008227004e+00
2.201675763390016805e+00
2.195117323195322712e+00
2.188575589787807196e+00
2.182050310081554478e+00
2.175541257460022582e+00
2.169047732981046472e+00
2.162568942216398948e+00
2.156104687343856963e+00
2.149655749903150337e+00
2.143222644828792323e+00
2.136805994203323955e+00
2.130405825538022491e+00
2.124021504177019626e+00
2.117652815254579934e+00
2.111300032734728216e+00
2.104963313017965909e+00
2.098642409060043956e+00
2.092337107814850938e+00
2.086046744569074018e+00
2.079770543677139205e+00
2.073508284543231550e+00
2.067260714247774356e+00
2.061028337102082997e+00
2.054811757174222819e+00
2.048611027374780402e+00
2.042425536059328195e+00
2.036255058250056038e+00
2.030099847257749168e+00
2.023960074197100667e+00
2.017835498307067432e+00
2.011725918868513485e+00
2.005630704216644133e+00
1.999549097310089119e+00
1.993480857020881514e+00
1.987426695944301658e+00
1.981387108992319845e+00
1.975362682040237905e+00
1.969353491669051381e+00
1.963358949508788198e+00
1.957378821072020214e+00
1.951413339724702212e+00
1.945462690038248565e+00
1.939526637747639004e+00
1.933604993333767785e+00
1.927697156992310257e+00
1.921802390113722669e+00
1.915920433091892416e+00
1.910051964168591132e+00
1.904197469961486089e+00
1.898357518089434315e+00
1.892532207142691103e+00
1.886720972209285696e+00
1.880923569903597770e+00
1.875140214370408120e+00
1.869371102435886112e+00
1.863616006517942791e+00
1.857874747285227945e+00
1.852146755614649809e+00
1.846431311144468124e+00
1.840728137685968990e+00
1.835037879401895333e+00
1.829361015590492467e+00
1.823698095696387300e+00
1.818049238715898630e+00
1.812413903297489970e+00
1.806791837786021704e+00
1.801183237846612162e+00
1.795588311402565251e+00
1.790006837740610424e+00
1.784438646794817451e+00
1.778883198988747694e+00
1.773339791971864310e+00
1.767808134761488015e+00
1.762288837830497501e+00
1.756782374012643588e+00
1.751289274815865049e+00
1.745809678087637762e+00
1.740343066076586176e+00
1.734889179491609257e+00
1.729448196301337282e+00
1.724020334380055752e+00
1.718605380113803260e+00
1.713203171843426853e+00
1.707813198460240267e+00
1.702434775332844152e+00
1.697067598394473409e+00
1.691712244898623263e+00
1.686369182002962486e+00
1.681038923610648439e+00
1.675721624971632462e+00
1.670416791892745723e+00
1.665124158087746942e+00
1.659843884679649717e+00
1.654576198326776382e+00
1.649320892819653661e+00
1.644077814109933255e+00
1.638846478511883920e+00
1.633626218813677644e+00
1.628416719477954411e+00
1.623218525079620944e+00
1.618032097860489626e+00
1.612857934517049729e+00
1.607696206377160708e+00
1.602546442695637063e+00
1.597408370838252711e+00
1.592282135997905579e+00
1.587167972438370045e+00
1.582065681738207941e+00
1.576975116736081928e+00
1.571895820148185852e+00
1.566827141897863873e+00
1.561768756493487675e+00
1.556721176450760247e+00
1.551684859821697016e+00
1.546660286573313225e+00
1.541647642902846060e+00
1.536646481370405715e+00
1.531656523633996292e+00
1.526677899932506799e+00
1.521710850968643225e+00
1.516755186558688351e+00
1.511810765790819522e+00
1.506877156789751648e+00
1.501953726357628138e+00
1.497040140459926727e+00
1.492136880273984278e+00
1.487244400349244877e+00
1.482363164472309203e+00
1.477493372637793678e+00
1.472634600551122830e+00
1.467786564791228487e+00
1.462949381670627158e+00
1.458123297219122927e+00
1.453308129977456398e+00
1.448503744752290379e+00
1.443709734111272791e+00
1.438925481516620364e+00
1.434150645713333505e+00
1.429385677351362460e+00
1.424631028147016254e+00
1.419887146321858085e+00
1.415154244747470536e+00
1.410431922088793311e+00
1.405719890497663993e+00
1.401018253410097003e+00
1.396327261162899402e+00
1.391646741539876109e+00
1.386976564634760711e+00
1.382316346543174701e+00
1.377665487196626737e+00
1.373023639377852989e+00
1.368391224102262882e+00
1.363768690921030258e+00
1.359156473176220015e+00
1.354554795838077919e+00
1.349963280347328709e+00
1.345381635103887197e+00
1.340809951737900629e+00
1.336248483970510881e+00
1.331697069397084876e+00
1.327155583054902444e+00
1.322623663718176301e+00
1.318100727628887636e+00
1.313586422805949505e+00
1.309081141614602650e+00
1.304585332095578254e+00
1.300099413501631274e+00
1.295623622239672423e+00
1.291157602371235003e+00
1.286701059237466138e+00
1.282254073759062196e+00
1.277816902226721618e+00
1.273389392661668840e+00
1.268971424787074254e+00
1.264562659282960189e+00
1.260162528577861263e+00
1.255770677074556030e+00
1.251387469550520271e+00
1.247013353189825535e+00
1.242648734059410565e+00
1.238293859448915457e+00
1.233948395915894114e+00
1.229612046463545605e+00
1.225284882419557464e+00
1.220967161942706047e+00
1.216658744130194592e+00
1.212359513225035546e+00
1.208069151114026019e+00
1.203787106327356415e+00
1.199513020752143611e+00
1.195247232693259720e+00
1.190990189146614586e+00
1.186742284004248082e+00
1.182503774983214795e+00
1.178274351048740121e+00
1.174053713614650940e+00
1.169841925523211312e+00
1.165639246227779591e+00
1.161445546573644183e+00
1.157260715237909299e+00
1.153084454680255444e+00
1.148916229490739349e+00
1.144755680078922255e+00
1.140603119426556455e+00
1.136458995022941787e+00
1.132323689686790313e+00
1.128197471192338153e+00
1.124080050861202995e+00
1.119971129267887111e+00
1.115870761846890158e+00
1.111779208902467175e+00
1.107696353691236757e+00
1.103622089303720744e+00
1.099556138185804999e+00
1.095497980962874651e+00
1.091447257533231463e+00
1.087404256716844708e+00
1.083369427164612153e+00
1.079343141774733894e+00
1.075325678087332371e+00
1.071316769736611496e+00
1.067316117178825241e+00
1.063323769457609869e+00
1.059339987379658954e+00
1.055364667240975773e+00
1.051397706562937184e+00
1.047438847193119305e+00
1.043487585752194136e+00
1.039543562479724459e+00
1.035607043184196163e+00
1.031678478287070044e+00
1.027758231912475395e+00
1.023846591121750915e+00
1.019943311787972151e+00
1.016048094892662457e+00
1.012160983986816865e+00
1.008282240080395242e+00
1.004411773060948754e+00
1.000549484870201900e+00
9.966951361320819380e-01
9.928482393482246371e-01
9.890084357828583528e-01
9.851759693000684548e-01
9.813512926017262661e-01
9.775347621052506986e-01
9.737266741286236815e-01
9.699268066112116671e-01
9.661348615681542018e-01
9.623508777642032497e-01
9.585751160959625761e-01
9.548075004505853780e-01
9.510479370677094035e-01
9.472962046126134350e-01
9.435518311966683003e-01
9.398144595659756462e-01
9.360843125200651871e-01
9.323618453860790245e-01
9.286474077773817504e-01
9.249413048939706394e-01
9.212433363824218402e-01
9.175532055973367740e-01
9.138709469396580909e-01
9.101968207660419141e-01
9.065307651366980579e-01
9.028726902633160689e-01
8.992223919249696662e-01
8.955794133168233362e-01
8.919433988147358328e-01
8.883145507570863186e-01
8.846933271766995732e-01
8.810800715254375470e-01
8.774750973112174224e-01
8.738782252454287969e-01
8.702891600469879752e-01
8.667079317918827686e-01
8.631347996655498456e-01
8.595697157443691339e-01
8.560125936063764929e-01
8.524632449329432315e-01
8.489212271315347280e-01
8.453861859634149711e-01
8.418583035597937414e-01
8.383380403808285974e-01
8.348257340159948026e-01
8.313217054303326803e-01
8.278257954162145937e-01
8.243377097109902962e-01
8.208574736688608597e-01
8.173853443888262627e-01
8.139212874148915589e-01
8.104652187646191885e-01
8.070169644576964396e-01
8.035760948591663677e-01
8.001422564409390592e-01
7.967156109895239258e-01
7.932966207150434768e-01
7.898856172806089093e-01
7.864829279510824334e-01
7.830884122811615500e-01
7.797017762776032868e-01
7.763230397679152794e-01
7.729524565571503913e-01
7.695900047317446591e-01
7.662356015287462574e-01
7.628890854176579861e-01
7.595500381336041107e-01
7.562181058022491298e-01
7.528934294030827923e-01
7.495764718634569945e-01
7.462675585959114288e-01
7.429670217734799520e-01
7.396747381668724586e-01
7.363904130050078489e-01
7.331140595103620150e-01
7.298459268032377878e-01
7.265860043772777166e-01
7.233342092974033299e-01
7.200903904607309780e-01
7.168541392195836304e-01
7.136251001041512554e-01
7.104033927020774186e-01
7.071894794688946551e-01
7.039836792091467288e-01
7.007863276062336055e-01
6.975973171099535408e-01
6.944163511012432233e-01
6.912434350901149882e-01
6.880788122153236319e-01
6.849224823229199677e-01
6.817743610277634536e-01
6.786343057993512451e-01
6.755019160116478849e-01
6.723768334652642231e-01
6.692591559698642945e-01
6.661493444995901791e-01
6.630477111994158568e-01
6.599545941934319426e-01
6.568699004319331625e-01
6.537933307054379917e-01
6.507248820203735962e-01
6.476647906838808311e-01
6.446130662628231089e-01
6.415696221049865811e-01
6.385343229047735214e-01
6.355067749730325399e-01
6.324866166785197974e-01
6.294739241994775636e-01
6.264691565107922688e-01
6.234726196618519678e-01
6.204846537724971745e-01
6.175051797529579334e-01
6.145338956571965161e-01
6.115707897595732412e-01
6.086160913660833005e-01
6.056698197605537848e-01
6.027318858550032576e-01
5.998021608911742186e-01
5.968802576897568324e-01
5.939658110286563097e-01
5.910588762037337629e-01
5.881599102480217223e-01
5.852692142991493540e-01
5.823871306580337137e-01
5.795135942450199140e-01
5.766483007629763513e-01
5.737912299830665308e-01
5.709426045653265280e-01
5.681024539605983303e-01
5.652706869055570404e-01
5.624471809327258320e-01
5.596315553009038046e-01
5.568234412736461358e-01
5.540228742329331713e-01
5.512303095263018093e-01
5.484460447545765893e-01
5.456704247439019273e-01
5.429033985885766134e-01
5.401446600303381196e-01
5.373941804821517065e-01
5.346521762614969697e-01
5.319186873073160626e-01
5.291936202543920942e-01
5.264768584702526066e-01
5.237680272995844932e-01
5.210667541674912639e-01
5.183730550777831958e-01
5.156873835141846385e-01
5.130100344838430804e-01
5.103413552058844171e-01
5.076813086391103180e-01
5.050295863753346826e-01
5.023861509711790019e-01
4.997512121385605521e-01
4.971248200083459579e-01
4.945068785731880356e-01
4.918972759835588127e-01
4.892956427041318390e-01
4.867016013256416640e-01
4.841151483556115909e-01
4.815367346696817763e-01
4.789666531150049145e-01
4.764052527056252262e-01
4.738525095661910713e-01
4.713081125354599554e-01
4.687720144263645694e-01
4.662444178268285166e-01
4.637253825668569140e-01
4.612148093432920093e-01
4.587125900059338957e-01
4.562183592060181647e-01
4.537317337657631455e-01
4.512526907079731364e-01
4.487816778506207860e-01
4.463189867125183508e-01
4.438649680125359986e-01
4.414196109451188899e-01
4.389826016184265600e-01
4.365538828727530962e-01
4.341336504369666116e-01
4.317219742066077948e-01
4.293187518519457901e-01
4.269238787909080401e-01
4.245369939119740255e-01
4.221577082943525072e-01
4.197859804079616119e-01
4.174222555894005482e-01
4.150668258866159199e-01
4.127200446370354880e-01
4.103819149925236331e-01
4.080521212106449913e-01
4.057305966729564672e-01
4.034175312040625960e-01
4.011130057561121398e-01
3.988169157493962058e-01
3.965291603911020868e-01
3.942493830818418199e-01
3.919771892017233084e-01
3.897125194160231954e-01
3.874558169274708308e-01
3.852073757857838454e-01
3.829675523381697033e-01
3.807363639167234415e-01
3.785134929070039234e-01
3.762988626816734516e-01
3.740926569325226381e-01
3.718949674064202515e-01
3.697056866727516100e-01
3.675247164855706128e-01
3.653517034989270384e-01
3.631862458086905776e-01
3.610282653381197138e-01
3.588782019455113992e-01
3.567363516608313967e-01
3.546030728359559903e-01
3.524783959222186347e-01
3.503620001862779443e-01
3.482537973484496896e-01
3.461539638630227733e-01
3.440626013960388363e-01
3.419795986429512435e-01
3.399048585048395354e-01
3.378380297266282417e-01
3.357787018192981421e-01
3.337267775422724791e-01
3.316826930922724403e-01
3.296467476428787124e-01
3.276193019718752208e-01
