1.000000000000000000e+10
1.023292992280753708e+10
1.047128548050898552e+10
1.071519305237604904e+10
1.096478196143182945e+10
1.122018454301960754e+10
1.148153621496879387e+10
1.174897554939525414e+10
1.202264434617408180e+10
1.230268770812376022e+10
1.258925411794161034e+10
1.288249551693127060e+10
1.318256738556399345e+10
1.348962882591645050e+10
1.380384264602875328e+10
1.412537544622743988e+10
1.445439770745916176e+10
1.479108388168195152e+10
1.513561248436194801e+10
1.548816618912466812e+10
1.584893192461097908e+10
1.621810097358913231e+10
1.659586907437542725e+10
1.698243652461725235e+10
1.737800828749354935e+10
1.778279410038901138e+10
1.819700858609960175e+10
1.862087136662842941e+10
1.905460717963220978e+10
1.949844599758017731e+10
1.995262314968850327e+10
2.041737944669498444e+10
2.089296130854006577e+10
2.137962089502197647e+10
2.187761623949515915e+10
2.238721138568301010e+10
2.290867652767732620e+10
2.344228815319879532e+10
2.398832919019445801e+10
2.454708915684983444e+10
2.511886431509530640e+10
2.570395782768812180e+10
2.630267991895327759e+10
2.691534803926858902e+10
2.754228703338106918e+10
2.818382931264391708e+10
2.884031503126540756e+10
2.951209226666317749e+10
3.019951720401945114e+10
3.090295432513516235e+10
3.162277660168301773e+10
3.235936569296201706e+10
3.311311214825826263e+10
3.388441561391937256e+10
3.467368504525224304e+10
3.548133892335659027e+10
3.630780547700914001e+10
3.715352290971621704e+10
3.801893963205503845e+10
3.890451449942693329e+10
3.981071705534854889e+10
4.073802778041005707e+10
4.168693834703227234e+10
4.265795188015794373e+10
4.365158322401522827e+10
4.466835921509488678e+10
4.570881896148602295e+10
4.677351412871828461e+10
4.786300923226223755e+10
4.897788193684296417e+10
5.011872336272550964e+10
5.128613839913469696e+10
5.248074602497540283e+10
5.370317963702334595e+10
5.495408738576045990e+10
5.623413251903283691e+10
5.754399373371354675e+10
5.888436553555667114e+10
6.025595860743346405e+10
6.165950018614582825e+10
6.309573444801684570e+10
6.456542290346298218e+10
6.606934480075694275e+10
6.760829753919541931e+10
6.918309709189079285e+10
7.079457843841084290e+10
7.244359600749594116e+10
7.413102413008859253e+10
7.585775750291510010e+10
7.762471166286578369e+10
7.943282347242463684e+10
8.128305161640629578e+10
8.317637711026335144e+10
8.511380382023376465e+10
8.709635899560404968e+10
8.912509381337039185e+10
9.120108393558666992e+10
9.332543007969465637e+10
9.549925860213900757e+10
9.772372209557632446e+10
9.999999999999508667e+10
1.023292992280703430e+11
1.047128548050847168e+11
1.071519305237552185e+11
1.096478196143128967e+11
1.122018454301905670e+11
1.148153621496822968e+11
1.174897554939467773e+11
1.202264434617349243e+11
1.230268770812315674e+11
1.258925411794099274e+11
1.288249551693063812e+11
1.318256738556334686e+11
1.348962882591578827e+11
1.380384264602807617e+11
1.412537544622674561e+11
1.445439770745845337e+11
1.479108388168122559e+11
1.513561248436120605e+11
1.548816618912390747e+11
1.584893192461020203e+11
1.621810097358833618e+11
1.659586907437461243e+11
1.698243652461641846e+11
1.737800828749269714e+11
1.778279410038813782e+11
1.819700858609870911e+11
1.862087136662751465e+11
1.905460717963127441e+11
1.949844599757921753e+11
1.995262314968752136e+11
2.041737944669398193e+11
2.089296130853904114e+11
2.137962089502092590e+11
2.187761623949408569e+11
2.238721138568191223e+11
2.290867652767620239e+11
2.344228815319764404e+11
2.398832919019328003e+11
2.454708915684862976e+11
2.511886431509407654e+11
2.570395782768685913e+11
2.630267991895198669e+11
2.691534803926726685e+11
2.754228703337971802e+11
2.818382931264253540e+11
2.884031503126399536e+11
2.951209226666172485e+11
3.019951720401796875e+11
3.090295432513364258e+11
3.162277660168146362e+11
3.235936569296043091e+11
3.311311214825664062e+11
3.388441561391771240e+11
3.467368504525054321e+11
3.548133892335484619e+11
3.630780547700735474e+11
3.715352290971439209e+11
3.801893963205317383e+11
3.890451449942502441e+11
3.981071705534660034e+11
4.073802778040805664e+11
4.168693834703022461e+11
4.265795188015585327e+11
4.365158322401308594e+11
4.466835921509269409e+11
4.570881896148377686e+11
4.677351412871598511e+11
4.786300923225988770e+11
4.897788193684055786e+11
5.011872336272304688e+11
5.128613839913218384e+11
5.248074602497282715e+11
5.370317963702071533e+11
5.495408738575776367e+11
5.623413251903007812e+11
5.754399373371071777e+11
5.888436553555378418e+11
6.025595860743050537e+11
6.165950018614279785e+11
6.309573444801374512e+11
6.456542290345981445e+11
6.606934480075369873e+11
6.760829753919210205e+11
6.918309709188740234e+11
7.079457843840736084e+11
7.244359600749239502e+11
7.413102413008494873e+11
7.585775750291137695e+11
7.762471166286197510e+11
7.943282347242073975e+11
8.128305161640230713e+11
8.317637711025926514e+11
8.511380382022958984e+11
8.709635899559976807e+11
8.912509381336602783e+11
9.120108393558220215e+11
9.332543007969007568e+11
9.549925860213431396e+11
9.772372209557152100e+11
9.999999999999018555e+11
1.023292992280653198e+12
1.047128548050795654e+12
1.071519305237499634e+12
1.096478196143075195e+12
1.122018454301850586e+12
1.148153621496766602e+12
1.174897554939410156e+12
1.202264434617290283e+12
1.230268770812255371e+12
1.258925411794037354e+12
1.288249551693000488e+12
1.318256738556270020e+12
1.348962882591512695e+12
1.380384264602739746e+12
1.412537544622605225e+12
1.445439770745774170e+12
1.479108388168049805e+12
1.513561248436046143e+12
1.548816618912314941e+12
1.584893192460942383e+12
1.621810097358754150e+12
1.659586907437379883e+12
1.698243652461558594e+12
1.737800828749184326e+12
1.778279410038726318e+12
1.819700858609781494e+12
1.862087136662659912e+12
1.905460717963033936e+12
1.949844599757826172e+12
1.995262314968654297e+12
2.041737944669297852e+12
2.089296130853801514e+12
2.137962089501987549e+12
2.187761623949301270e+12
2.238721138568081543e+12
2.290867652767507812e+12
2.344228815319649414e+12
2.398832919019210449e+12
2.454708915684742188e+12
2.511886431509284180e+12
2.570395782768559570e+12
2.630267991895069336e+12
2.691534803926594727e+12
2.754228703337836426e+12
2.818382931264114746e+12
2.884031503126257812e+12
2.951209226666027832e+12
3.019951720401648438e+12
3.090295432513212891e+12
3.162277660167991211e+12
3.235936569295883789e+12
3.311311214825501465e+12
3.388441561391604492e+12
3.467368504524884277e+12
3.548133892335310547e+12
3.630780547700557129e+12
3.715352290971256836e+12
3.801893963205130371e+12
3.890451449942311523e+12
3.981071705534464355e+12
4.073802778040605469e+12
4.168693834702817871e+12
4.265795188015375977e+12
4.365158322401094238e+12
4.466835921509049805e+12
4.570881896148153320e+12
4.677351412871369141e+12
4.786300923225753906e+12
4.897788193683815430e+12
5.011872336272058594e+12
5.128613839912966797e+12
5.248074602497025391e+12
5.370317963701807617e+12
5.495408738575506836e+12
5.623413251902731445e+12
5.754399373370790039e+12
5.888436553555088867e+12
6.025595860742754883e+12
6.165950018613977539e+12
6.309573444801065430e+12
6.456542290345665039e+12
6.606934480075045898e+12
6.760829753918878906e+12
6.918309709188400391e+12
7.079457843840388672e+12
7.244359600748883789e+12
7.413102413008130859e+12
7.585775750290765625e+12
7.762471166285816406e+12
7.943282347241684570e+12
8.128305161639831055e+12
8.317637711025517578e+12
8.511380382022541016e+12
8.709635899559549805e+12
8.912509381336164062e+12
9.120108393557771484e+12
9.332543007968550781e+12
9.549925860212962891e+12
9.772372209556671875e+12
9.999999999998527344e+12
1.023292992280602930e+13
1.047128548050744336e+13
1.071519305237447070e+13
1.096478196143021484e+13
1.122018454301795508e+13
1.148153621496710352e+13
1.174897554939352539e+13
1.202264434617231250e+13
1.230268770812194922e+13
1.258925411793975586e+13
1.288249551692937305e+13
1.318256738556205273e+13
1.348962882591446289e+13
1.380384264602672070e+13
1.412537544622535938e+13
1.445439770745703320e+13
1.479108388167977344e+13
1.513561248435971875e+13
1.548816618912238867e+13
1.584893192460864648e+13
1.621810097358674414e+13
1.659586907437298438e+13
1.698243652461475195e+13
1.737800828749099023e+13
1.778279410038639062e+13
1.819700858609692188e+13
1.862087136662568750e+13
1.905460717962940234e+13
1.949844599757730469e+13
1.995262314968556250e+13
2.041737944669197656e+13
2.089296130853699219e+13
2.137962089501882812e+13
2.187761623949193750e+13
2.238721138567971484e+13
2.290867652767395312e+13
2.344228815319534375e+13
2.398832919019092578e+13
2.454708915684621875e+13
2.511886431509160938e+13
2.570395782768433594e+13
2.630267991894940234e+13
2.691534803926462500e+13
2.754228703337701562e+13
2.818382931263976562e+13
2.884031503126116016e+13
2.951209226665883203e+13
3.019951720401500391e+13
3.090295432513061328e+13
3.162277660167835938e+13
3.235936569295725000e+13
3.311311214825338672e+13
3.388441561391438281e+13
3.467368504524714062e+13
3.548133892335136719e+13
3.630780547700378906e+13
3.715352290971074219e+13
3.801893963204943750e+13
3.890451449942120312e+13
3.981071705534268750e+13
4.073802778040405469e+13
4.168693834702613281e+13
4.265795188015166406e+13
4.365158322400879688e+13
4.466835921508831250e+13
4.570881896147928906e+13
4.677351412871139062e+13
4.786300923225518750e+13
4.897788193683575000e+13
5.011872336271812500e+13
5.128613839912714844e+13
5.248074602496767969e+13
5.370317963701543750e+13
5.495408738575236719e+13
5.623413251902455469e+13
5.754399373370507031e+13
5.888436553554800000e+13
6.025595860742459375e+13
6.165950018613675000e+13
6.309573444800755469e+13
6.456542290345347656e+13
6.606934480074721094e+13
6.760829753918546875e+13
6.918309709188060938e+13
7.079457843840040625e+13
7.244359600748528125e+13
7.413102413007767188e+13
7.585775750290393750e+13
7.762471166285435938e+13
7.943282347241293750e+13
8.128305161639432812e+13
8.317637711025109375e+13
8.511380382022123438e+13
8.709635899559121875e+13
8.912509381335728125e+13
9.120108393557325000e+13
9.332543007968092188e+13
9.549925860212493750e+13
9.772372209556193750e+13
9.999999999998035938e+13
1.023292992280552656e+14
1.047128548050692969e+14
1.071519305237394531e+14
1.096478196142967656e+14
1.122018454301740469e+14
1.148153621496653906e+14
1.174897554939294844e+14
1.202264434617172188e+14
1.230268770812134531e+14
1.258925411793913906e+14
1.288249551692874062e+14
1.318256738556140469e+14
1.348962882591380156e+14
1.380384264602604375e+14
1.412537544622466562e+14
1.445439770745632500e+14
1.479108388167904688e+14
1.513561248435897500e+14
1.548816618912162812e+14
1.584893192460786875e+14
1.621810097358595000e+14
1.659586907437216875e+14
1.698243652461391875e+14
1.737800828749013750e+14
1.778279410038551875e+14
1.819700858609602812e+14
1.862087136662477188e+14
1.905460717962846875e+14
1.949844599757634688e+14
1.995262314968458438e+14
2.041737944669097500e+14
2.089296130853596562e+14
2.137962089501777812e+14
2.187761623949086562e+14
2.238721138567861562e+14
2.290867652767282812e+14
2.344228815319419375e+14
2.398832919018974688e+14
2.454708915684501562e+14
2.511886431509037500e+14
2.570395782768307500e+14
2.630267991894811250e+14
2.691534803926330625e+14
2.754228703337566250e+14
2.818382931263838125e+14
2.884031503125974375e+14
2.951209226665738125e+14
3.019951720401351875e+14
3.090295432512909375e+14
3.162277660167680625e+14
3.235936569295566250e+14
3.311311214825176250e+14
3.388441561391271875e+14
3.467368504524543750e+14
3.548133892334962500e+14
3.630780547700200625e+14
3.715352290970891875e+14
3.801893963204757500e+14
3.890451449941929375e+14
3.981071705534073750e+14
4.073802778040205625e+14
4.168693834702408750e+14
4.265795188014956875e+14
4.365158322400665625e+14
4.466835921508611875e+14
4.570881896147705000e+14
4.677351412870910000e+14
4.786300923225283750e+14
4.897788193683334375e+14
5.011872336271566875e+14
5.128613839912463125e+14
5.248074602496510000e+14
5.370317963701280625e+14
5.495408738574966875e+14
5.623413251902180000e+14
5.754399373370225000e+14
5.888436553554511250e+14
6.025595860742163750e+14
6.165950018613372500e+14
6.309573444800446250e+14
6.456542290345031250e+14
6.606934480074397500e+14
6.760829753918215000e+14
6.918309709187721250e+14
7.079457843839693750e+14
7.244359600748172500e+14
7.413102413007403750e+14
7.585775750290021250e+14
7.762471166285053750e+14
7.943282347240905000e+14
8.128305161639033750e+14
8.317637711024701250e+14
8.511380382021705000e+14
8.709635899558695000e+14
8.912509381335290000e+14
9.120108393556877500e+14
9.332543007967633750e+14
9.549925860212025000e+14
9.772372209555713750e+14
