  1.00000e+17      0.00000
  9.77237e+16      0.00000
  9.54992e+16      0.00000
  9.33253e+16      0.00000
  9.12009e+16      0.00000
  8.91253e+16      0.00000
  8.70965e+16      0.00000
  8.51139e+16      0.00000
  8.31764e+16      0.00000
  8.12830e+16  2.80260e-45
  7.94328e+16  1.68156e-44
  7.76246e+16  7.98740e-44
  7.58576e+16  3.71344e-43
  7.41312e+16  1.68016e-42
  7.24437e+16  7.37784e-42
  7.07946e+16  3.15250e-41
  6.91831e+16  1.31115e-40
  6.76083e+16  5.31154e-40
  6.60693e+16  2.09691e-39
  6.45653e+16  8.07146e-39
  6.30956e+16  3.03084e-38
  6.16596e+16  1.11077e-37
  6.02561e+16  3.97494e-37
  5.88844e+16  1.38955e-36
  5.75440e+16  4.74724e-36
  5.62341e+16  1.58568e-35
  5.49541e+16  5.18044e-35
  5.37031e+16  1.65601e-34
  5.24807e+16  5.18163e-34
  5.12860e+16  1.58759e-33
  5.01188e+16  4.76462e-33
  4.89779e+16  1.40118e-32
  4.78630e+16  4.03900e-32
  4.67735e+16  1.14161e-31
  4.57088e+16  3.16496e-31
  4.46683e+16  8.60932e-31
  4.36515e+16  2.29856e-30
  4.26579e+16  6.02513e-30
  4.16870e+16  1.55110e-29
  4.07381e+16  3.92298e-29
  3.98108e+16  9.75055e-29
  3.89045e+16  2.38237e-28
  3.80189e+16  5.72390e-28
  3.71535e+16  1.35276e-27
  3.63078e+16  3.14571e-27
  3.54813e+16  7.19981e-27
  3.46738e+16  1.62240e-26
  3.38845e+16  3.60051e-26
  3.31131e+16  7.87174e-26
  3.23594e+16  1.69591e-25
  3.16228e+16  3.60152e-25
  3.09029e+16  7.54138e-25
  3.01995e+16  1.55747e-24
  2.95120e+16  3.17335e-24
  2.88403e+16  6.38059e-24
  2.81839e+16  1.26641e-23
  2.75423e+16  2.48184e-23
  2.69154e+16  4.80364e-23
  2.63027e+16  9.18505e-23
  2.57039e+16  1.73547e-22
  2.51188e+16  3.24103e-22
  2.45471e+16  5.98402e-22
  2.39883e+16  1.09255e-21
  2.34423e+16  1.97304e-21
  2.29087e+16  3.52514e-21
  2.23872e+16  6.23248e-21
  2.18776e+16  1.09064e-20
  2.13796e+16  1.88943e-20
  2.08929e+16  3.24117e-20
  2.04174e+16  5.50662e-20
  1.99526e+16  9.26750e-20
  1.94985e+16  1.54533e-19
  1.90546e+16  2.55354e-19
  1.86209e+16  4.18224e-19
  1.81970e+16  6.79047e-19
  1.77828e+16  1.09317e-18
  1.73780e+16  1.74523e-18
  1.69824e+16  2.76351e-18
  1.65958e+16  4.34104e-18
  1.62181e+16  6.76576e-18
  1.58490e+16  1.04640e-17
  1.54882e+16  1.60621e-17
  1.51356e+16  2.44737e-17
  1.47911e+16  3.70216e-17
  1.44544e+16  5.56064e-17
  1.41254e+16  8.29422e-17
  1.38038e+16  1.22876e-16
  1.34896e+16  1.80824e-16
  1.31826e+16  2.64364e-16
  1.28825e+16  3.84026e-16
  1.25893e+16  5.54354e-16
  1.23027e+16  7.95307e-16
  1.20226e+16  1.13412e-15
  1.17490e+16  1.60771e-15
  1.14815e+16  2.26586e-15
  1.12202e+16  3.17530e-15
  1.09648e+16  4.42500e-15
  1.07152e+16  6.13284e-15
  1.04713e+16  8.45435e-15
  1.02329e+16  1.15935e-14
  1.00000e+16  1.58163e-14
  9.77237e+15  2.14683e-14
  9.54992e+15  2.89958e-14
  9.33255e+15  3.89725e-14
  9.12011e+15  5.21325e-14
  8.91251e+15  6.94106e-14
  8.70963e+15  9.19916e-14
  8.51139e+15  1.21371e-13
  8.31764e+15  1.59428e-13
  8.12830e+15  2.08511e-13
  7.94328e+15  2.71549e-13
  7.76248e+15  3.52171e-13
  7.58578e+15  4.54867e-13
  7.41310e+15  5.85158e-13
  7.24435e+15  7.49807e-13
  7.07946e+15  9.57076e-13
  6.91831e+15  1.21702e-12
  6.76083e+15  1.54183e-12
  6.60693e+15  1.94620e-12
  6.45655e+15  2.44783e-12
  6.30958e+15  3.06796e-12
  6.16595e+15  3.83196e-12
  6.02559e+15  4.77004e-12
  5.88844e+15  5.91806e-12
  5.75440e+15  7.31850e-12
  5.62341e+15  9.02139e-12
  5.49541e+15  1.10857e-11
  5.37031e+15  1.35804e-11
  5.24808e+15  1.65863e-11
  5.12861e+15  2.01975e-11
  5.01187e+15  2.45232e-11
  4.89778e+15  2.96904e-11
  4.78630e+15  3.58455e-11
  4.67735e+15  4.31574e-11
  4.57088e+15  5.18206e-11
  4.46683e+15  6.20575e-11
  4.36516e+15  7.41229e-11
  4.26580e+15  8.83076e-11
  4.16869e+15  1.04942e-10
  4.07380e+15  1.24404e-10
  3.98108e+15  1.47116e-10
  3.89045e+15  1.73562e-10
  3.80189e+15  2.04283e-10
  3.71535e+15  2.39891e-10
  3.63078e+15  2.81070e-10
  3.54814e+15  3.28589e-10
  3.46737e+15  3.83308e-10
  3.38844e+15  4.46183e-10
  3.31131e+15  5.18284e-10
  3.23594e+15  6.00797e-10
  3.16228e+15  6.95035e-10
  3.09029e+15  8.02459e-10
  3.01995e+15  9.24677e-10
  2.95121e+15  1.06346e-09
  2.88403e+15  1.22078e-09
  2.81838e+15  1.39877e-09
  2.75423e+15  1.59980e-09
  2.69154e+15  1.82644e-09
  2.63027e+15  2.08154e-09
  2.57039e+15  2.36817e-09
  2.51188e+15  2.68970e-09
  2.45471e+15  3.04980e-09
  2.39883e+15  3.45244e-09
  2.34423e+15  3.90195e-09
  2.29087e+15  4.40303e-09
  2.23872e+15  4.96071e-09
  2.18776e+15  5.58052e-09
  2.13796e+15  6.26833e-09
  2.08929e+15  7.03051e-09
  2.04174e+15  7.87395e-09
  1.99526e+15  8.80601e-09
  1.94984e+15  9.83460e-09
  1.90546e+15  1.09682e-08
  1.86209e+15  1.22159e-08
  1.81970e+15  1.35874e-08
  1.77828e+15  1.50932e-08
  1.73780e+15  1.67442e-08
  1.69824e+15  1.85524e-08
  1.65959e+15  2.05303e-08
  1.62181e+15  2.26912e-08
  1.58489e+15  2.50495e-08
  1.54882e+15  2.76201e-08
  1.51356e+15  3.04192e-08
  1.47911e+15  3.34636e-08
  1.44544e+15  3.67714e-08
  1.41254e+15  4.03615e-08
  1.38039e+15  4.42539e-08
  1.34896e+15  4.84698e-08
  1.31826e+15  5.30316e-08
  1.28825e+15  5.79626e-08
  1.25893e+15  6.32877e-08
  1.23027e+15  6.90330e-08
  1.20226e+15  7.52257e-08
  1.17490e+15  8.18945e-08
  1.14815e+15  8.90697e-08
  1.12202e+15  9.67826e-08
  1.09648e+15  1.05067e-07
  1.07152e+15  1.13956e-07
  1.04713e+15  1.23488e-07
  1.02329e+15  1.33699e-07
  1.00000e+15  1.44630e-07
  9.77237e+14  1.56321e-07
  9.54992e+14  1.68817e-07
  9.33255e+14  1.82161e-07
  9.12011e+14  1.96400e-07
  8.91251e+14  2.11584e-07
  8.70963e+14  2.27764e-07
  8.51139e+14  2.44991e-07
  8.31764e+14  2.63321e-07
  8.12830e+14  2.82811e-07
  7.94328e+14  3.03521e-07
  7.76248e+14  3.25511e-07
  7.58578e+14  3.48845e-07
  7.41310e+14  3.73590e-07
  7.24435e+14  3.99815e-07
  7.07946e+14  4.27589e-07
  6.91831e+14  4.56986e-07
  6.76083e+14  4.88084e-07
  6.60693e+14  5.20958e-07
  6.45655e+14  5.55694e-07
  6.30958e+14  5.92371e-07
  6.16595e+14  6.31080e-07
  6.02559e+14  6.71908e-07
  5.88844e+14  7.14949e-07
  5.75440e+14  7.60298e-07
  5.62341e+14  8.08053e-07
  5.49541e+14  8.58316e-07
  5.37031e+14  9.11191e-07
  5.24808e+14  9.66787e-07
  5.12861e+14  1.02521e-06
  5.01187e+14  1.08659e-06
  4.89778e+14  1.15102e-06
  4.78630e+14  1.21864e-06
  4.67735e+14  1.28957e-06
  4.57088e+14  1.36394e-06
  4.46683e+14  1.44188e-06
  4.36516e+14  1.52352e-06
  4.26580e+14  1.60900e-06
  4.16869e+14  1.69848e-06
  4.07380e+14  1.79208e-06
  3.98108e+14  1.88997e-06
  3.89045e+14  1.99230e-06
  3.80189e+14  2.09922e-06
  3.71535e+14  2.21091e-06
  3.63078e+14  2.32752e-06
  3.54814e+14  2.44923e-06
  3.46737e+14  2.57622e-06
  3.38844e+14  2.70866e-06
  3.31131e+14  2.84675e-06
  3.23594e+14  2.99065e-06
  3.16228e+14  3.14059e-06
  3.09029e+14  3.29675e-06
  3.01995e+14  3.45933e-06
  2.95121e+14  3.62854e-06
  2.88403e+14  3.80461e-06
  2.81838e+14  3.98774e-06
  2.75423e+14  4.17815e-06
  2.69154e+14  4.37609e-06
  2.63027e+14  4.58178e-06
  2.57039e+14  4.79546e-06
  2.51188e+14  5.01739e-06
  2.45471e+14  5.24780e-06
  2.39883e+14  5.48695e-06
  2.34423e+14  5.73511e-06
  2.29087e+14  5.99255e-06
  2.23872e+14  6.25954e-06
  2.18776e+14  6.53636e-06
  2.13796e+14  6.82330e-06
  2.08929e+14  7.12065e-06
  2.04174e+14  7.42871e-06
  1.99526e+14  7.74779e-06
  1.94984e+14  8.07820e-06
  1.90546e+14  8.42027e-06
  1.86209e+14  8.77430e-06
  1.81970e+14  9.14065e-06
  1.77828e+14  9.51965e-06
  1.73780e+14  9.91166e-06
  1.69824e+14  1.03170e-05
  1.65959e+14  1.07361e-05
  1.62181e+14  1.11693e-05
  1.58489e+14  1.16169e-05
  1.54882e+14  1.20794e-05
  1.51356e+14  1.25572e-05
  1.47911e+14  1.30506e-05
  1.44544e+14  1.35600e-05
  1.41254e+14  1.40860e-05
  1.38039e+14  1.46289e-05
  1.34896e+14  1.51892e-05
  1.31826e+14  1.57672e-05
  1.28825e+14  1.63636e-05
  1.25893e+14  1.69786e-05
  1.23027e+14  1.76129e-05
  1.20226e+14  1.82669e-05
  1.17490e+14  1.89410e-05
  1.14815e+14  1.96359e-05
  1.12202e+14  2.03520e-05
  1.09648e+14  2.10898e-05
  1.07152e+14  2.18499e-05
  1.04713e+14  2.26328e-05
  1.02329e+14  2.34392e-05
  1.00000e+14  2.42695e-05
  9.77237e+13  2.51243e-05
  9.54992e+13  2.60043e-05
  9.33255e+13  2.69101e-05
  9.12011e+13  2.78423e-05
  8.91251e+13  2.88014e-05
  8.70963e+13  2.97882e-05
  8.51139e+13  3.08034e-05
  8.31764e+13  3.18476e-05
  8.12830e+13  3.29214e-05
  7.94328e+13  3.40256e-05
  7.76248e+13  3.51609e-05
  7.58578e+13  3.63281e-05
  7.41310e+13  3.75278e-05
  7.24435e+13  3.87609e-05
  7.07946e+13  4.00281e-05
  6.91831e+13  4.13302e-05
  6.76083e+13  4.26680e-05
  6.60693e+13  4.40424e-05
  6.45655e+13  4.54541e-05
  6.30958e+13  4.69041e-05
  6.16595e+13  4.83932e-05
  6.02559e+13  4.99224e-05
  5.88844e+13  5.14924e-05
  5.75440e+13  5.31043e-05
  5.62341e+13  5.47590e-05
  5.49541e+13  5.64575e-05
  5.37031e+13  5.82007e-05
  5.24808e+13  5.99898e-05
  5.12861e+13  6.18256e-05
  5.01187e+13  6.37093e-05
  4.89778e+13  6.56418e-05
  4.78630e+13  6.76245e-05
  4.67735e+13  6.96582e-05
  4.57088e+13  7.17443e-05
  4.46683e+13  7.38837e-05
  4.36516e+13  7.60778e-05
  4.26580e+13  7.83278e-05
  4.16869e+13  8.06348e-05
  4.07380e+13  8.30000e-05
  3.98108e+13  8.54250e-05
  3.89045e+13  8.79108e-05
  3.80189e+13  9.04589e-05
  3.71535e+13  9.30706e-05
  3.63078e+13  9.57474e-05
  3.54814e+13  9.84906e-05
  3.46737e+13  0.000101302
  3.38844e+13  0.000104182
  3.31131e+13  0.000107133
  3.23594e+13  0.000110157
  3.16228e+13  0.000113255
  3.09029e+13  0.000116428
  3.01995e+13  0.000119679
  2.95121e+13  0.000123008
  2.88403e+13  0.000126419
  2.81838e+13  0.000129911
  2.75423e+13  0.000133488
  2.69154e+13  0.000137150
  2.63027e+13  0.000140901
  2.57039e+13  0.000144741
  2.51188e+13  0.000148672
  2.45471e+13  0.000152698
  2.39883e+13  0.000156818
  2.34423e+13  0.000161037
  2.29087e+13  0.000165355
  2.23872e+13  0.000169775
  2.18776e+13  0.000174299
  2.13796e+13  0.000178929
  2.08929e+13  0.000183668
  2.04174e+13  0.000188518
  1.99526e+13  0.000193481
  1.94984e+13  0.000198559
  1.90546e+13  0.000203755
  1.86209e+13  0.000209072
  1.81970e+13  0.000214513
  1.77828e+13  0.000220078
  1.73780e+13  0.000225773
  1.69824e+13  0.000231598
  1.65959e+13  0.000237557
  1.62181e+13  0.000243653
  1.58489e+13  0.000249889
  1.54882e+13  0.000256267
  1.51356e+13  0.000262790
  1.47911e+13  0.000269463
  1.44544e+13  0.000276287
  1.41254e+13  0.000283266
  1.38039e+13  0.000290403
  1.34896e+13  0.000297702
  1.31826e+13  0.000305166
  1.28825e+13  0.000312799
  1.25893e+13  0.000320603
  1.23027e+13  0.000328583
  1.20226e+13  0.000336743
  1.17490e+13  0.000345085
  1.14815e+13  0.000353615
  1.12202e+13  0.000362335
  1.09648e+13  0.000371251
  1.07152e+13  0.000380365
  1.04713e+13  0.000389682
  1.02329e+13  0.000399207
  1.00000e+13  0.000408944
  9.77237e+12  0.000418897
  9.54992e+12  0.000429071
  9.33255e+12  0.000439470
  9.12011e+12  0.000450099
  8.91251e+12  0.000460963
  8.70963e+12  0.000472067
  8.51139e+12  0.000483415
  8.31764e+12  0.000495014
  8.12830e+12  0.000506868
  7.94328e+12  0.000518983
  7.76248e+12  0.000531363
  7.58578e+12  0.000544015
  7.41310e+12  0.000556945
  7.24435e+12  0.000570157
  7.07946e+12  0.000583659
  6.91831e+12  0.000597455
  6.76083e+12  0.000611553
  6.60693e+12  0.000625958
  6.45655e+12  0.000640677
  6.30958e+12  0.000655717
  6.16595e+12  0.000671083
  6.02559e+12  0.000686784
  5.88844e+12  0.000702826
  5.75440e+12  0.000719216
  5.62341e+12  0.000735961
  5.49541e+12  0.000753069
  5.37031e+12  0.000770548
  5.24808e+12  0.000788404
  5.12861e+12  0.000806647
  5.01187e+12  0.000825283
  4.89778e+12  0.000844322
  4.78630e+12  0.000863772
  4.67735e+12  0.000883641
  4.57088e+12  0.000903938
  4.46683e+12  0.000924671
  4.36516e+12  0.000945851
  4.26580e+12  0.000967487
  4.16869e+12  0.000989587
  4.07380e+12   0.00101216
  3.98108e+12   0.00103522
  3.89045e+12   0.00105877
  3.80189e+12   0.00108283
  3.71535e+12   0.00110741
  3.63078e+12   0.00113251
  3.54814e+12   0.00115815
  3.46737e+12   0.00118433
  3.38844e+12   0.00121108
  3.31131e+12   0.00123840
  3.23594e+12   0.00126630
  3.16228e+12   0.00129480
  3.09029e+12   0.00132390
  3.01995e+12   0.00135363
  2.95121e+12   0.00138399
  2.88403e+12   0.00141499
  2.81838e+12   0.00144666
  2.75423e+12   0.00147900
  2.69154e+12   0.00151203
  2.63027e+12   0.00154577
  2.57039e+12   0.00158022
  2.51188e+12   0.00161540
  2.45471e+12   0.00165133
  2.39883e+12   0.00168802
  2.34423e+12   0.00172550
  2.29087e+12   0.00176377
  2.23872e+12   0.00180285
  2.18776e+12   0.00184276
  2.13796e+12   0.00188351
  2.08929e+12   0.00192514
  2.04174e+12   0.00196764
  1.99526e+12   0.00201104
  1.94984e+12   0.00205537
  1.90546e+12   0.00210063
  1.86209e+12   0.00214685
  1.81970e+12   0.00219405
  1.77828e+12   0.00224225
  1.73780e+12   0.00229147
  1.69824e+12   0.00234172
  1.65959e+12   0.00239305
  1.62181e+12   0.00244545
  1.58489e+12   0.00249897
  1.54882e+12   0.00255362
  1.51356e+12   0.00260942
  1.47911e+12   0.00266640
  1.44544e+12   0.00272458
  1.41254e+12   0.00278399
  1.38039e+12   0.00284466
  1.34896e+12   0.00290661
  1.31826e+12   0.00296986
  1.28825e+12   0.00303445
  1.25893e+12   0.00310040
  1.23027e+12   0.00316775
  1.20226e+12   0.00323651
  1.17490e+12   0.00330673
  1.14815e+12   0.00337842
  1.12202e+12   0.00345163
  1.09648e+12   0.00352638
  1.07152e+12   0.00360270
  1.04713e+12   0.00368064
  1.02329e+12   0.00376022
  1.00000e+12   0.00384147
  9.77237e+11   0.00392444
  9.54992e+11   0.00400916
  9.33255e+11   0.00409566
  9.12011e+11   0.00418398
  8.91251e+11   0.00427416
  8.70963e+11   0.00436625
  8.51139e+11   0.00446027
  8.31764e+11   0.00455627
  8.12830e+11   0.00465429
  7.94328e+11   0.00475438
  7.76248e+11   0.00485658
  7.58578e+11   0.00496092
  7.41310e+11   0.00506747
  7.24435e+11   0.00517625
  7.07946e+11   0.00528733
  6.91831e+11   0.00540074
  6.76083e+11   0.00551655
  6.60693e+11   0.00563479
  6.45655e+11   0.00575552
  6.30958e+11   0.00587879
  6.16595e+11   0.00600466
  6.02559e+11   0.00613317
  5.88844e+11   0.00626439
  5.75440e+11   0.00639837
  5.62341e+11   0.00653517
  5.49541e+11   0.00667486
  5.37031e+11   0.00681747
  5.24808e+11   0.00696310
  5.12861e+11   0.00711179
  5.01187e+11   0.00726360
  4.89778e+11   0.00741862
  4.78630e+11   0.00757689
  4.67735e+11   0.00773850
  4.57088e+11   0.00790351
  4.46683e+11   0.00807199
  4.36516e+11   0.00824402
  4.26580e+11   0.00841967
  4.16869e+11   0.00859902
  4.07380e+11   0.00878214
  3.98108e+11   0.00896912
  3.89045e+11   0.00916004
  3.80189e+11   0.00935498
  3.71535e+11   0.00955402
  3.63078e+11   0.00975724
  3.54814e+11   0.00996476
  3.46737e+11    0.0101766
  3.38844e+11    0.0103930
  3.31131e+11    0.0106139
  3.23594e+11    0.0108394
  3.16228e+11    0.0110697
  3.09029e+11    0.0113049
  3.01995e+11    0.0115450
  2.95121e+11    0.0117902
  2.88403e+11    0.0120405
  2.81838e+11    0.0122961
  2.75423e+11    0.0125571
  2.69154e+11    0.0128236
  2.63027e+11    0.0130957
  2.57039e+11    0.0133735
  2.51188e+11    0.0136572
  2.45471e+11    0.0139469
  2.39883e+11    0.0142427
  2.34423e+11    0.0145447
  2.29087e+11    0.0148531
  2.23872e+11    0.0151680
  2.18776e+11    0.0154895
  2.13796e+11    0.0158178
  2.08929e+11    0.0161530
  2.04174e+11    0.0164953
  1.99526e+11    0.0168449
  1.94984e+11    0.0172018
  1.90546e+11    0.0175662
  1.86209e+11    0.0179383
  1.81970e+11    0.0183183
  1.77828e+11    0.0187063
  1.73780e+11    0.0191025
  1.69824e+11    0.0195070
  1.65959e+11    0.0199201
  1.62181e+11    0.0203419
  1.58489e+11    0.0207726
  1.54882e+11    0.0212124
  1.51356e+11    0.0216615
  1.47911e+11    0.0221200
  1.44544e+11    0.0225883
  1.41254e+11    0.0230665
  1.38039e+11    0.0235547
  1.34896e+11    0.0240533
  1.31826e+11    0.0245624
  1.28825e+11    0.0250822
  1.25893e+11    0.0256131
  1.23027e+11    0.0261552
  1.20226e+11    0.0267087
  1.17490e+11    0.0272739
  1.14815e+11    0.0278511
  1.12202e+11    0.0284405
  1.09648e+11    0.0290424
  1.07152e+11    0.0296570
  1.04713e+11    0.0302846
  1.02329e+11    0.0309255
  1.00000e+11    0.0315799
  9.77237e+10    0.0322482
  9.54992e+10    0.0329306
  9.33255e+10    0.0336275
  9.12011e+10    0.0343391
  8.91251e+10    0.0350658
  8.70963e+10    0.0358079
  8.51139e+10    0.0365657
  8.31764e+10    0.0373395
  8.12830e+10    0.0381298
  7.94328e+10    0.0389367
  7.76248e+10    0.0397608
  7.58578e+10    0.0406024
  7.41310e+10    0.0414618
  7.24435e+10    0.0423393
  7.07946e+10    0.0432355
  6.91831e+10    0.0441507
  6.76083e+10    0.0450853
  6.60693e+10    0.0460398
  6.45655e+10    0.0470144
  6.30958e+10    0.0480098
  6.16595e+10    0.0490262
  6.02559e+10    0.0500642
  5.88844e+10    0.0511243
  5.75440e+10    0.0522068
  5.62341e+10    0.0533123
  5.49541e+10    0.0544413
  5.37031e+10    0.0555943
  5.24808e+10    0.0567717
  5.12861e+10    0.0579741
  5.01187e+10    0.0592021
  4.89778e+10    0.0604562
  4.78630e+10    0.0617369
  4.67735e+10    0.0630448
  4.57088e+10    0.0643805
  4.46683e+10    0.0657446
  4.36516e+10    0.0671377
  4.26580e+10    0.0685604
  4.16869e+10    0.0700133
  4.07380e+10    0.0714972
  3.98108e+10    0.0730125
  3.89045e+10    0.0745602
  3.80189e+10    0.0761407
  3.71535e+10    0.0777549
  3.63078e+10    0.0794034
  3.54814e+10    0.0810870
  3.46737e+10    0.0828065
  3.38844e+10    0.0845625
  3.31131e+10    0.0863559
  3.23594e+10    0.0881875
  3.16228e+10    0.0900581
  3.09029e+10    0.0919685
  3.01995e+10    0.0939196
  2.95121e+10    0.0959123
  2.88403e+10    0.0979474
  2.81838e+10     0.100026
  2.75423e+10     0.102149
  2.69154e+10     0.104317
  2.63027e+10     0.106531
  2.57039e+10     0.108793
  2.51188e+10     0.111102
  2.45471e+10     0.113461
  2.39883e+10     0.115870
  2.34423e+10     0.118331
  2.29087e+10     0.120844
  2.23872e+10     0.123411
  2.18776e+10     0.126032
  2.13796e+10     0.128710
  2.08929e+10     0.131445
  2.04174e+10     0.134238
  1.99526e+10     0.137090
  1.94984e+10     0.140004
  1.90546e+10     0.142980
  1.86209e+10     0.146019
  1.81970e+10     0.149123
  1.77828e+10     0.152294
  1.73780e+10     0.155532
  1.69824e+10     0.158839
  1.65959e+10     0.162218
  1.62181e+10     0.165668
  1.58489e+10     0.169192
  1.54882e+10     0.172791
  1.51356e+10     0.176468
  1.47911e+10     0.180223
  1.44544e+10     0.184058
  1.41254e+10     0.187976
  1.38039e+10     0.191977
  1.34896e+10     0.196064
  1.31826e+10     0.200238
  1.28825e+10     0.204502
  1.25893e+10     0.208857
  1.23027e+10     0.213305
  1.20226e+10     0.217848
  1.17490e+10     0.222489
  1.14815e+10     0.227229
  1.12202e+10     0.232071
  1.09648e+10     0.237016
  1.07152e+10     0.242067
  1.04713e+10     0.247227
  1.02329e+10     0.252497
  1.00000e+10     0.257880
  9.77237e+09     0.263378
  9.54994e+09     0.268995
  9.33255e+09     0.274731
  9.12011e+09     0.280591
  8.91251e+09     0.286576
  8.70965e+09     0.292690
  8.51139e+09     0.298935
  8.31764e+09     0.305314
  8.12830e+09     0.311830
  7.94329e+09     0.318485
  7.76248e+09     0.325284
  7.58578e+09     0.332228
  7.41310e+09     0.339321
  7.24437e+09     0.346567
  7.07946e+09     0.353968
  6.91831e+09     0.361528
  6.76083e+09     0.369250
  6.60694e+09     0.377138
  6.45655e+09     0.385196
  6.30958e+09     0.393427
  6.16595e+09     0.401834
  6.02559e+09     0.410423
  5.88844e+09     0.419195
  5.75440e+09     0.428157
  5.62341e+09     0.437311
  5.49541e+09     0.446662
  5.37032e+09     0.456214
  5.24808e+09     0.465971
  5.12861e+09     0.475938
  5.01187e+09     0.486120
  4.89779e+09     0.496521
  4.78630e+09     0.507145
  4.67735e+09     0.517998
  4.57088e+09     0.529085
  4.46684e+09     0.540411
  4.36516e+09     0.551980
  4.26580e+09     0.563798
  4.16869e+09     0.575871
  4.07381e+09     0.588204
  3.98108e+09     0.600803
  3.89045e+09     0.613673
  3.80189e+09     0.626820
  3.71536e+09     0.640251
  3.63078e+09     0.653971
  3.54814e+09     0.667987
  3.46737e+09     0.682305
  3.38844e+09     0.696931
  3.31131e+09     0.711873
  3.23594e+09     0.727137
  3.16228e+09     0.742730
  3.09029e+09     0.758659
  3.01996e+09     0.774932
  2.95121e+09     0.791555
  2.88403e+09     0.808537
  2.81838e+09     0.825886
  2.75423e+09     0.843608
  2.69154e+09     0.861713
  2.63027e+09     0.880209
  2.57039e+09     0.899103
  2.51189e+09     0.918405
  2.45471e+09     0.938123
  2.39883e+09     0.958267
  2.34423e+09     0.978845
  2.29087e+09     0.999868
  2.23872e+09      1.02134
  2.18776e+09      1.04328
  2.13796e+09      1.06570
  2.08930e+09      1.08859
  2.04174e+09      1.11199
  1.99526e+09      1.13588
  1.94984e+09      1.16029
  1.90546e+09      1.18523
  1.86209e+09      1.21071
  1.81970e+09      1.23674
  1.77828e+09      1.26333
  1.73780e+09      1.29049
  1.69825e+09      1.31825
  1.65959e+09      1.34660
  1.62181e+09      1.37556
  1.58489e+09      1.40515
  1.54882e+09      1.43538
  1.51356e+09      1.46626
  1.47911e+09      1.49781
  1.44544e+09      1.53005
  1.41254e+09      1.56298
  1.38039e+09      1.59662
  1.34896e+09      1.63099
  1.31826e+09      1.66611
  1.28825e+09      1.70198
  1.25893e+09      1.73863
  1.23027e+09      1.77607
  1.20226e+09      1.81433
  1.17490e+09      1.85341
  1.14815e+09      1.89334
  1.12202e+09      1.93414
  1.09648e+09      1.97582
  1.07152e+09      2.01840
  1.04713e+09      2.06191
  1.02329e+09      2.10636
  1.00000e+09      2.15177
  9.77237e+08      2.19817
  9.54994e+08      2.24557
  9.33255e+08      2.29400
  9.12011e+08      2.34348
  8.91251e+08      2.39404
  8.70965e+08      2.44569
  8.51139e+08      2.49847
  8.31764e+08      2.55239
  8.12830e+08      2.60748
  7.94329e+08      2.66377
  7.76248e+08      2.72128
  7.58578e+08      2.78003
  7.41310e+08      2.84007
  7.24437e+08      2.90140
  7.07946e+08      2.96407
  6.91831e+08      3.02810
  6.76083e+08      3.09352
  6.60694e+08      3.16037
  6.45655e+08      3.22866
  6.30958e+08      3.29844
  6.16595e+08      3.36973
  6.02559e+08      3.44257
  5.88844e+08      3.51699
  5.75440e+08      3.59303
  5.62341e+08      3.67072
  5.49541e+08      3.75009
  5.37032e+08      3.83119
  5.24808e+08      3.91405
  5.12861e+08      3.99871
  5.01187e+08      4.08520
  4.89779e+08      4.17357
  4.78630e+08      4.26386
  4.67735e+08      4.35611
  4.57088e+08      4.45036
  4.46684e+08      4.54664
  4.36516e+08      4.64502
  4.26580e+08      4.74553
  4.16869e+08      4.84821
  4.07381e+08      4.95312
  3.98108e+08      5.06030
  3.89045e+08      5.16980
  3.80189e+08      5.28167
  3.71536e+08      5.39596
  3.63078e+08      5.51272
  3.54814e+08      5.63201
  3.46737e+08      5.75387
  3.38844e+08      5.87837
  3.31131e+08      6.00555
  3.23594e+08      6.13548
  3.16228e+08      6.26821
  3.09029e+08      6.40381
  3.01996e+08      6.54233
  2.95121e+08      6.68384
  2.88403e+08      6.82839
  2.81838e+08      6.97605
  2.75423e+08      7.12690
  2.69154e+08      7.28098
  2.63027e+08      7.43839
  2.57039e+08      7.59917
  2.51189e+08      7.76341
  2.45471e+08      7.93118
  2.39883e+08      8.10254
  2.34423e+08      8.27759
  2.29087e+08      8.45638
  2.23872e+08      8.63901
  2.18776e+08      8.82555
  2.13796e+08      9.01608
  2.08930e+08      9.21069
  2.04174e+08      9.40946
  1.99526e+08      9.61248
  1.94984e+08      9.81984
  1.90546e+08      10.0316
  1.86209e+08      10.2479
  1.81970e+08      10.4689
  1.77828e+08      10.6945
  1.73780e+08      10.9249
  1.69825e+08      11.1603
  1.65959e+08      11.4006
  1.62181e+08      11.6461
  1.58489e+08      11.8968
  1.54882e+08      12.1528
  1.51356e+08      12.4142
  1.47911e+08      12.6812
  1.44544e+08      12.9539
  1.41254e+08      13.2323
  1.38039e+08      13.5167
  1.34896e+08      13.8071
  1.31826e+08      14.1036
  1.28825e+08      14.4064
  1.25893e+08      14.7156
  1.23027e+08      15.0313
  1.20226e+08      15.3537
  1.17490e+08      15.6829
  1.14815e+08      16.0191
  1.12202e+08      16.3623
  1.09648e+08      16.7128
  1.07152e+08      17.0707
  1.04713e+08      17.4361
  1.02329e+08      17.8092
  1.00000e+08      18.1902
  9.77238e+07      18.5791
  9.54993e+07      18.9763
  9.33255e+07      19.3818
  9.12011e+07      19.7958
  8.91252e+07      20.2185
  8.70964e+07      20.6501
  8.51139e+07      21.0907
  8.31764e+07      21.5405
  8.12831e+07      21.9998
  7.94328e+07      22.4687
  7.76248e+07      22.9474
  7.58578e+07      23.4361
  7.41311e+07      23.9351
  7.24436e+07      24.4445
  7.07946e+07      24.9645
  6.91831e+07      25.4954
  6.76084e+07      26.0374
  6.60694e+07      26.5907
  6.45655e+07      27.1556
  6.30958e+07      27.7322
  6.16595e+07      28.3209
  6.02560e+07      28.9218
  5.88844e+07      29.5353
  5.75440e+07      30.1615
  5.62341e+07      30.8008
  5.49541e+07      31.4533
  5.37032e+07      32.1195
  5.24808e+07      32.7995
  5.12861e+07      33.4936
  5.01188e+07      34.2022
  4.89779e+07      34.9255
  4.78630e+07      35.6639
  4.67735e+07      36.4175
  4.57089e+07      37.1868
  4.46684e+07      37.9721
  4.36516e+07      38.7737
  4.26580e+07      39.5919
  4.16870e+07      40.4271
  4.07380e+07      41.2796
  3.98108e+07      42.1497
  3.89045e+07      43.0380
  3.80190e+07      43.9446
  3.71535e+07      44.8700
  3.63078e+07      45.8145
  3.54814e+07      46.7786
  3.46737e+07      47.7627
  3.38844e+07      48.7671
  3.31131e+07      49.7923
  3.23594e+07      50.8388
  3.16228e+07      51.9069
  3.09030e+07      52.9970
  3.01995e+07      54.1097
  2.95121e+07      55.2454
  2.88403e+07      56.4046
  2.81838e+07      57.5878
  2.75423e+07      58.7954
  2.69154e+07      60.0279
  2.63027e+07      61.2860
  2.57040e+07      62.5700
  2.51189e+07      63.8805
  2.45471e+07      65.2181
  2.39883e+07      66.5833
  2.34423e+07      67.9767
  2.29087e+07      69.3988
  2.23872e+07      70.8503
  2.18776e+07      72.3318
  2.13796e+07      73.8438
  2.08930e+07      75.3871
  2.04174e+07      76.9622
  1.99526e+07      78.5698
  1.94984e+07      80.2105
  1.90546e+07      81.8851
  1.86209e+07      83.5943
  1.81970e+07      85.3387
  1.77828e+07      87.1191
  1.73780e+07      88.9362
  1.69824e+07      90.7908
  1.65959e+07      92.6837
  1.62181e+07      94.6156
  1.58489e+07      96.5873
  1.54882e+07      98.5997
  1.51356e+07      100.654
  1.47911e+07      102.750
  1.44544e+07      104.889
  1.41254e+07      107.073
  1.38039e+07      109.302
  1.34896e+07      111.576
  1.31826e+07      113.898
  1.28825e+07      116.267
  1.25893e+07      118.685
  1.23027e+07      121.153
  1.20227e+07      123.672
  1.17490e+07      126.243
  1.14815e+07      128.867
  1.12202e+07      131.546
  1.09648e+07      134.279
  1.07152e+07      137.069
  1.04713e+07      139.916
  1.02329e+07      142.822
  1.00000e+07      145.788
  9.77238e+06      148.815
  9.54993e+06      151.905
  9.33255e+06      155.058
  9.12011e+06      158.277
  8.91252e+06      161.562
  8.70964e+06      164.914
  8.51139e+06      168.336
  8.31764e+06      171.829
  8.12831e+06      175.393
  7.94328e+06      179.032
  7.76248e+06      182.745
  7.58578e+06      186.535
  7.41311e+06      190.403
  7.24436e+06      194.351
  7.07946e+06      198.381
  6.91831e+06      202.494
  6.76084e+06      206.692
  6.60694e+06      210.977
  6.45655e+06      215.350
  6.30958e+06      219.814
  6.16595e+06      224.369
  6.02560e+06      229.019
  5.88844e+06      233.766
  5.75440e+06      238.610
  5.62341e+06      243.554
  5.49541e+06      248.601
  5.37032e+06      253.752
  5.24808e+06      259.010
  5.12861e+06      264.376
  5.01188e+06      269.853
  4.89779e+06      275.444
  4.78630e+06      281.151
  4.67735e+06      286.975
  4.57089e+06      292.921
  4.46684e+06      298.989
  4.36516e+06      305.183
  4.26580e+06      311.505
  4.16870e+06      317.958
  4.07380e+06      324.545
  3.98108e+06      331.268
  3.89045e+06      338.131
  3.80190e+06      345.136
  3.71535e+06      352.286
  3.63078e+06      359.584
  3.54814e+06      367.034
  3.46737e+06      374.638
  3.38844e+06      382.400
  3.31131e+06      390.323
  3.23594e+06      398.411
  3.16228e+06      406.666
  3.09030e+06      415.092
  3.01995e+06      423.694
  2.95121e+06      432.474
  2.88403e+06      441.436
  2.81838e+06      450.584
  2.75423e+06      459.923
  2.69154e+06      469.455
  2.63027e+06      479.186
  2.57040e+06      489.119
  2.51189e+06      499.258
  2.45471e+06      509.608
  2.39883e+06      520.173
  2.34423e+06      530.959
  2.29087e+06      541.968
  2.23872e+06      553.206
  2.18776e+06      564.679
  2.13796e+06      576.390
  2.08930e+06      588.344
  2.04174e+06      600.548
  1.99526e+06      613.006
  1.94984e+06      625.723
  1.90546e+06      638.706
  1.86209e+06      651.958
  1.81970e+06      665.487
  1.77828e+06      679.298
  1.73780e+06      693.396
  1.69824e+06      707.789
  1.65959e+06      722.482
  1.62181e+06      737.481
  1.58489e+06      752.793
  1.54882e+06      768.425
  1.51356e+06      784.382
  1.47911e+06      800.673
  1.44544e+06      817.304
  1.41254e+06      834.282
  1.38039e+06      851.615
  1.34896e+06      869.309
  1.31826e+06      887.374
  1.28825e+06      905.816
  1.25893e+06      924.643
  1.23027e+06      943.864
  1.20227e+06      963.487
  1.17490e+06      983.520
  1.14815e+06      1003.97
  1.12202e+06      1024.85
  1.09648e+06      1046.17
  1.07152e+06      1067.93
  1.04713e+06      1090.15
  1.02329e+06      1112.83
  1.00000e+06      1135.99
      977238.      1159.64
      954993.      1183.77
      933255.      1208.42
      912011.      1233.58
      891252.      1259.27
      870964.      1285.50
      851139.      1312.27
      831764.      1339.61
      812831.      1367.52
      794328.      1396.02
      776248.      1425.11
      758578.      1454.82
      741311.      1485.15
      724436.      1516.12
      707946.      1547.73
      691831.      1580.01
      676084.      1612.97
      660694.      1646.62
      645655.      1680.98
      630958.      1716.06
      616596.      1751.88
      602560.      1788.45
      588844.      1825.79
      575440.      1863.91
      562342.      1902.84
      549541.      1942.58
      537032.      1983.17
      524808.      2024.60
      512862.      2066.91
      501188.      2110.11
      489779.      2154.22
      478630.      2199.26
      467735.      2245.25
      457089.      2292.21
      446684.      2340.16
      436516.      2389.11
      426580.      2439.10
      416870.      2490.15
      407380.      2542.27
      398108.      2595.49
      389045.      2649.83
      380190.      2705.32
      371535.      2761.99
      363078.      2819.84
      354814.      2878.92
      346737.      2939.25
      338844.      3000.85
      331131.      3063.76
      323594.      3127.99
      316228.      3193.58
      309030.      3260.56
      301996.      3328.95
      295121.      3398.79
      288404.      3470.10
      281838.      3542.93
      275423.      3617.30
      269154.      3693.23
      263027.      3770.78
      257040.      3849.97
      251189.      3930.83
      245471.      4013.41
      239883.      4097.74
      234423.      4183.85
      229087.      4271.79
      223872.      4361.59
      218776.      4453.29
      213796.      4546.94
      208930.      4642.58
      204174.      4740.24
      199526.      4839.97
      194985.      4941.82
      190546.      5045.83
      186209.      5152.05
      181970.      5260.52
      177828.      5371.30
      173780.      5484.42
      169825.      5599.95
      165959.      5717.94
      162181.      5838.43
      158489.      5961.48
      154882.      6087.14
      151356.      6215.48
      147911.      6346.54
      144544.      6480.39
      141254.      6617.09
      138039.      6756.69
      134896.      6899.26
      131826.      7044.87
      128825.      7193.58
      125893.      7345.45
      123027.      7500.55
      120227.      7658.96
      117490.      7820.74
      114815.      7985.96
      112202.      8154.70
      109648.      8327.04
      107152.      8503.05
      104713.      8682.81
      102329.      8866.41
      100000.      9053.92
      97723.8      9245.42
      95499.4      9441.01
      93325.5      9640.77
      91201.2      9844.79
      89125.2      10053.2
      87096.5      10266.0
      85113.9      10483.3
      83176.4      10705.3
      81283.1      10932.1
      79432.8      11163.7
      77624.8      11400.2
      75857.8      11641.8
      74131.1      11888.5
      72443.6      12140.5
      70794.6      12397.9
      69183.1      12660.8
      67608.4      12929.4
      66069.4      13203.6
      64565.5      13483.7
      63095.8      13769.9
      61659.6      14062.1
      60256.0      14360.6
      58884.4      14665.5
      57544.0      14976.8
      56234.2      15294.9
      54954.1      15619.8
      53703.2      15951.6
      52480.8      16290.5
      51286.2      16636.7
      50118.8      16990.3
      48977.9      17351.5
      47863.0      17720.4
      46773.5      18097.2
      45708.9      18482.1
      44668.4      18875.2
      43651.6      19276.8
      42658.0      19687.0
      41687.0      20106.0
      40738.0      20533.9
      39810.8      20971.1
      38904.5      21417.6
      38019.0      21873.7
      37153.5      22339.6
      36307.8      22815.5
      35481.4      23301.6
      34673.7      23798.1
      33884.4      24305.3
      33113.1      24823.4
      32359.4      25352.6
      31622.8      25893.2
      30903.0      26445.4
      30199.6      27009.5
      29512.1      27585.7
      28840.3      28174.2
      28183.8      28775.4
      27542.3      29389.6
      26915.4      30016.9
      26302.7      30657.8
      25704.0      31312.4
      25118.9      31981.1
      24547.1      32664.2
      23988.3      33362.0
      23442.3      34074.8
      22908.7      34802.9
      22387.2      35546.8
      21877.6      36306.6
      21379.6      37082.8
      20893.0      37875.7
      20417.4      38685.7
      19952.6      39513.1
      19498.5      40358.4
      19054.6      41221.8
      18620.9      42103.9
      18197.0      43005.0
      17782.8      43925.5
      17378.0      44865.8
      16982.5      45826.4
      16595.9      46807.8
      16218.1      47810.3
      15848.9      48834.4
      15488.2      49880.6
      15135.6      50949.4
      14791.1      52041.2
      14454.4      53156.6
      14125.4      54296.1
      13803.9      55460.1
      13489.6      56649.3
      13182.6      57864.2
      12882.5      59105.3
      12589.3      60373.2
      12302.7      61668.4
      12022.7      62991.7
      11749.0      64343.6
      11481.5      65724.6
      11220.2      67135.5
      10964.8      68576.9
      10715.2      70049.5
      10471.3      71553.8
      10232.9      73090.8
      10000.0      74660.9
      9772.38      76265.0
      9549.93      77903.7
      9332.55      79578.0
      9120.11      81288.4
      8912.52      83035.9
      8709.64      84821.1
      8511.39      86645.0
      8317.64      88508.4
      8128.31      90412.1
      7943.29      92357.0
      7762.48      94344.0
      7585.78      96374.1
      7413.11      98448.0
      7244.37      100567.
      7079.46      102732.
      6918.32      104944.
      6760.84      107203.
      6606.94      109512.
      6456.54      111870.
      6309.58      114280.
      6165.95      116742.
      6025.60      119257.
      5888.44      121827.
      5754.40      124453.
      5623.42      127136.
      5495.41      129876.
      5370.32      132676.
      5248.08      135537.
      5128.62      138460.
      5011.88      141447.
      4897.79      144498.
      4786.30      147615.
      4677.35      150801.
      4570.89      154055.
      4466.84      157380.
      4365.16      160777.
      4265.80      164248.
      4168.70      167794.
      4073.81      171417.
      3981.08      175119.
      3890.45      178902.
      3801.90      182766.
      3715.36      186714.
      3630.78      190749.
      3548.14      194871.
      3467.37      199083.
      3388.44      203386.
      3311.31      207782.
      3235.94      212275.
      3162.28      216865.
      3090.30      221554.
      3019.95      226346.
      2951.21      231242.
      2884.03      236245.
      2818.38      241356.
      2754.23      246579.
      2691.54      251915.
      2630.27      257368.
      2570.40      262938.
      2511.89      268631.
      2454.71      274447.
      2398.83      280390.
      2344.23      286462.
      2290.87      292667.
      2238.72      299007.
      2187.76      305484.
      2137.96      312103.
      2089.30      318866.
      2041.74      325777.
      1995.26      332838.
      1949.85      340052.
      1905.46      347424.
      1862.09      354957.
      1819.70      362654.
      1778.28      370519.
      1737.80      378555.
      1698.24      386767.
      1659.59      395157.
      1621.81      403730.
      1584.89      412491.
      1548.82      421443.
      1513.56      430590.
      1479.11      439936.
      1445.44      449486.
      1412.54      459245.
      1380.39      469217.
      1348.96      479406.
      1318.26      489818.
      1288.25      500457.
      1258.93      511329.
      1230.27      522437.
      1202.27      533789.
      1174.90      545388.
      1148.15      557241.
      1122.02      569352.
      1096.48      581727.
      1071.52      594374.
      1047.13      607297.
      1023.29      620501.
      1000.00      633995.
