  1.01403e+10     0.202649
  1.04251e+10     0.197693
  1.07177e+10     0.192863
  1.10187e+10     0.188148
  1.13279e+10     0.183554
  1.16458e+10     0.179072
  1.19729e+10     0.174698
  1.23089e+10     0.170435
  1.26546e+10     0.166273
  1.30098e+10     0.162218
  1.33749e+10     0.158262
  1.37505e+10     0.154400
  1.41364e+10     0.150637
  1.45335e+10     0.146963
  1.49413e+10     0.143383
  1.53607e+10     0.139890
  1.57921e+10     0.136481
  1.62353e+10     0.133158
  1.66913e+10     0.129914
  1.71597e+10     0.126753
  1.76413e+10     0.123670
  1.81368e+10     0.120659
  1.86458e+10     0.117725
  1.91695e+10     0.114860
  1.97074e+10     0.112068
  2.02605e+10     0.109345
  2.08295e+10     0.106686
  2.14141e+10     0.104095
  2.20156e+10     0.101565
  2.26334e+10    0.0990992
  2.32691e+10    0.0966917
  2.39222e+10    0.0943451
  2.45935e+10    0.0920563
  2.52843e+10    0.0898213
  2.59938e+10    0.0876430
  2.67239e+10    0.0855162
  2.74739e+10    0.0834432
  2.82449e+10    0.0814209
  2.90382e+10    0.0794465
  2.98531e+10    0.0775218
  3.06916e+10    0.0756428
  3.15529e+10    0.0738111
  3.24384e+10    0.0720242
  3.33496e+10    0.0702793
  3.42855e+10    0.0685786
  3.52485e+10    0.0669180
  3.62377e+10    0.0652993
  3.72546e+10    0.0637201
  3.83010e+10    0.0621782
  3.93759e+10    0.0606751
  4.04818e+10    0.0592075
  4.16179e+10    0.0577768
  4.27858e+10    0.0563809
  4.39875e+10    0.0550180
  4.52220e+10    0.0536893
  4.64922e+10    0.0523918
  4.77970e+10    0.0511270
  4.91382e+10    0.0498931
  5.05185e+10    0.0486881
  5.19362e+10    0.0475134
  5.33949e+10    0.0463664
  5.48934e+10    0.0452482
  5.64339e+10    0.0441571
  5.80189e+10    0.0430917
  5.96472e+10    0.0420530
  6.13225e+10    0.0410387
  6.30434e+10    0.0400498
  6.48127e+10    0.0390849
  6.66332e+10    0.0381427
  6.85030e+10    0.0372241
  7.04272e+10    0.0363270
  7.24036e+10    0.0354524
  7.44372e+10    0.0345983
  7.65262e+10    0.0337656
  7.86738e+10    0.0329530
  8.08835e+10    0.0321596
  8.31534e+10    0.0313859
  8.54889e+10    0.0306304
  8.78880e+10    0.0298937
  9.03545e+10    0.0291749
  9.28924e+10    0.0284728
  9.54992e+10    0.0277884
  9.81816e+10    0.0271199
  1.00937e+11    0.0264681
  1.03770e+11    0.0258321
  1.06684e+11    0.0252109
  1.09678e+11    0.0246052
  1.12759e+11    0.0240137
  1.15923e+11    0.0234369
  1.19176e+11    0.0228741
  1.22524e+11    0.0223244
  1.25962e+11    0.0217883
  1.29500e+11    0.0212648
  1.33134e+11    0.0207543
  1.36870e+11    0.0202561
  1.40715e+11    0.0197695
  1.44664e+11    0.0192951
  1.48727e+11    0.0188317
  1.52901e+11    0.0183798
  1.57192e+11    0.0179388
  1.61607e+11    0.0175081
  1.66142e+11    0.0170880
  1.70809e+11    0.0166778
  1.75602e+11    0.0162777
  1.80530e+11    0.0158872
  1.85601e+11    0.0155058
  1.90809e+11    0.0151340
  1.96169e+11    0.0147707
  2.01674e+11    0.0144164
  2.07334e+11    0.0140707
  2.13157e+11    0.0137330
  2.19139e+11    0.0134036
  2.25294e+11    0.0130819
  2.31617e+11    0.0127682
  2.38122e+11    0.0124617
  2.44805e+11    0.0121629
  2.51675e+11    0.0118712
  2.58744e+11    0.0115863
  2.66005e+11    0.0113084
  2.73477e+11    0.0110369
  2.81151e+11    0.0107722
  2.89042e+11    0.0105138
  2.97160e+11    0.0102614
  3.05499e+11    0.0100153
  3.14080e+11   0.00977484
  3.22894e+11   0.00954033
  3.31956e+11   0.00931142
  3.41279e+11   0.00908782
  3.50857e+11   0.00886974
  3.60712e+11   0.00865668
  3.70834e+11   0.00844891
  3.81241e+11   0.00824610
  3.91950e+11   0.00804796
  4.02949e+11   0.00785472
  4.14267e+11   0.00766595
  4.25893e+11   0.00748183
  4.37845e+11   0.00730211
  4.50142e+11   0.00712654
  4.62775e+11   0.00695530
  4.75773e+11   0.00678801
  4.89125e+11   0.00662484
  5.02852e+11   0.00646557
  5.16976e+11   0.00630996
  5.31483e+11   0.00615820
  5.46412e+11   0.00600993
  5.61746e+11   0.00586531
  5.77511e+11   0.00572414
  5.93732e+11   0.00558623
  6.10394e+11   0.00545171
  6.27538e+11   0.00532029
  6.45149e+11   0.00519211
  6.63254e+11   0.00506698
  6.81883e+11   0.00494473
  7.01019e+11   0.00482549
  7.20710e+11   0.00470898
  7.40934e+11   0.00459536
  7.61746e+11   0.00448434
  7.83124e+11   0.00437606
  8.05101e+11   0.00427035
  8.27714e+11   0.00416707
  8.50942e+11   0.00406634
  8.74842e+11   0.00396792
  8.99394e+11   0.00387193
  9.24634e+11   0.00377821
  9.50604e+11   0.00368666
  9.77282e+11   0.00359735
  1.00473e+12   0.00351009
  1.03293e+12   0.00342499
  1.06191e+12   0.00334190
  1.09174e+12   0.00326072
  1.12238e+12   0.00318154
  1.15390e+12   0.00310418
  1.18629e+12   0.00302872
  1.21958e+12   0.00295506
  1.25383e+12   0.00288309
  1.28902e+12   0.00281289
  1.32523e+12   0.00274430
  1.36242e+12   0.00267740
  1.40065e+12   0.00261209
  1.43999e+12   0.00254828
  1.48040e+12   0.00248604
  1.52198e+12   0.00242523
  1.56470e+12   0.00236591
  1.60861e+12   0.00230801
  1.65379e+12   0.00225144
  1.70020e+12   0.00219625
  1.74795e+12   0.00214234
  1.79701e+12   0.00208976
  1.84744e+12   0.00203842
  1.89933e+12   0.00198827
  1.95263e+12   0.00193935
  2.00748e+12   0.00189155
  2.06381e+12   0.00184493
  2.12173e+12   0.00179942
  2.18132e+12   0.00175496
  2.24254e+12   0.00171159
  2.30553e+12   0.00166923
  2.37023e+12   0.00162790
  2.43680e+12   0.00158753
  2.50519e+12   0.00154815
  2.57549e+12   0.00150971
  2.64783e+12   0.00147216
  2.72214e+12   0.00143553
  2.79860e+12   0.00139975
  2.87713e+12   0.00136485
  2.95787e+12   0.00133079
  3.04096e+12   0.00129751
  3.12630e+12   0.00126505
  3.21410e+12   0.00123334
  3.30431e+12   0.00120242
  3.39704e+12   0.00117223
  3.49245e+12   0.00114274
  3.59046e+12   0.00111399
  3.69130e+12   0.00108589
  3.79490e+12   0.00105850
  3.90139e+12   0.00103176
  4.01097e+12   0.00100564
  4.12353e+12  0.000980163
  4.23936e+12  0.000955279
  4.35833e+12  0.000931013
  4.48063e+12  0.000907333
  4.60649e+12  0.000884199
  4.73577e+12  0.000861641
  4.86878e+12  0.000839608
  5.00541e+12  0.000818123
  5.14589e+12  0.000797156
  5.29042e+12  0.000776677
  5.43889e+12  0.000756708
  5.59166e+12  0.000737204
  5.74857e+12  0.000718189
  5.90989e+12  0.000699632
  6.07590e+12  0.000681507
  6.24641e+12  0.000663837
  6.42185e+12  0.000646581
  6.60207e+12  0.000629757
  6.78735e+12  0.000613340
  6.97798e+12  0.000597310
  7.17381e+12  0.000581681
  7.37530e+12  0.000566420
  7.58228e+12  0.000551542
  7.79526e+12  0.000537014
  8.01400e+12  0.000522854
  8.23891e+12  0.000509038
  8.47033e+12  0.000495547
  8.70804e+12  0.000482399
  8.95262e+12  0.000469561
  9.20386e+12  0.000457048
  9.46216e+12  0.000444842
  9.72792e+12  0.000432926
  1.00009e+13  0.000421313
  1.02818e+13  0.000409976
  1.05704e+13  0.000398927
  1.08670e+13  0.000388151
  1.11722e+13  0.000377633
  1.14858e+13  0.000367382
  1.18084e+13  0.000357377
  1.21398e+13  0.000347629
  1.24804e+13  0.000338123
  1.28310e+13  0.000328845
  1.31911e+13  0.000319806
  1.35616e+13  0.000310985
  1.39422e+13  0.000302391
  1.43334e+13  0.000294012
  1.47360e+13  0.000285837
  1.51496e+13  0.000277873
  1.55751e+13  0.000270103
  1.60121e+13  0.000262534
  1.64615e+13  0.000255156
  1.69239e+13  0.000247959
  1.73988e+13  0.000240950
  1.78875e+13  0.000234112
  1.83895e+13  0.000227454
  1.89056e+13  0.000220965
  1.94366e+13  0.000214636
  1.99821e+13  0.000208475
  2.05433e+13  0.000202465
  2.11198e+13  0.000196615
  2.17125e+13  0.000190915
  2.23223e+13  0.000185357
  2.29488e+13  0.000179947
  2.35934e+13  0.000174673
  2.42555e+13  0.000169539
  2.49368e+13  0.000164535
  2.56366e+13  0.000159666
  2.63561e+13  0.000154923
  2.70963e+13  0.000150300
  2.78567e+13  0.000145803
  2.86391e+13  0.000141420
  2.94429e+13  0.000137157
  3.02691e+13  0.000133006
  3.11193e+13  0.000128961
  3.19926e+13  0.000125028
  3.28912e+13  0.000121196
  3.38143e+13  0.000117469
  3.47632e+13  0.000113843
  3.57396e+13  0.000110311
  3.67426e+13  0.000106877
  3.77746e+13  0.000103533
  3.88347e+13  0.000100283
  3.99246e+13  9.71212e-05
  4.10459e+13  9.40432e-05
  4.21978e+13  9.10519e-05
  4.33830e+13  8.81404e-05
  4.46005e+13  8.53116e-05
  4.58522e+13  8.25610e-05
  4.71401e+13  7.98844e-05
  4.84629e+13  7.72849e-05
  4.98242e+13  7.47557e-05
  5.12224e+13  7.22997e-05
  5.26599e+13  6.99128e-05
  5.41390e+13  6.75916e-05
  5.56583e+13  6.53382e-05
  5.72216e+13  6.31472e-05
  5.88274e+13  6.10206e-05
  6.04784e+13  5.89551e-05
  6.21770e+13  5.69477e-05
  6.39219e+13  5.49999e-05
  6.57174e+13  5.31072e-05
  6.75617e+13  5.12714e-05
  6.94576e+13  4.94897e-05
  7.14086e+13  4.77588e-05
  7.34126e+13  4.60807e-05
  7.54745e+13  4.44512e-05
  7.75926e+13  4.28717e-05
  7.97719e+13  4.13385e-05
  8.20106e+13  3.98527e-05
  8.43121e+13  3.84123e-05
  8.66801e+13  3.70144e-05
  8.91127e+13  3.56605e-05
  9.16158e+13  3.43471e-05
  9.41869e+13  3.30754e-05
  9.68299e+13  3.18435e-05
  9.95498e+13  3.06490e-05
  1.02344e+14  2.94931e-05
  1.05218e+14  2.83729e-05
  1.08171e+14  2.72892e-05
  1.11207e+14  2.62402e-05
  1.14330e+14  2.52242e-05
  1.17538e+14  2.42418e-05
  1.20840e+14  2.32907e-05
  1.24231e+14  2.23715e-05
  1.27717e+14  2.14826e-05
  1.31305e+14  2.06225e-05
  1.34989e+14  1.97918e-05
  1.38781e+14  1.89884e-05
  1.42676e+14  1.82127e-05
  1.46680e+14  1.74635e-05
  1.50800e+14  1.67394e-05
  1.55032e+14  1.60408e-05
  1.59386e+14  1.53660e-05
  1.63859e+14  1.47153e-05
  1.68457e+14  1.40875e-05
  1.73189e+14  1.34815e-05
  1.78049e+14  1.28976e-05
  1.83050e+14  1.23343e-05
  1.88187e+14  1.17919e-05
  1.93468e+14  1.12693e-05
  1.98903e+14  1.07654e-05
  2.04484e+14  1.02807e-05
  2.10228e+14  9.81379e-06
  2.16128e+14  9.36480e-06
  2.22193e+14  8.93286e-06
  2.28434e+14  8.51713e-06
  2.34844e+14  8.11777e-06
  2.41440e+14  7.73365e-06
  2.48216e+14  7.36491e-06
  2.55188e+14  7.01045e-06
  2.62350e+14  6.67044e-06
  2.69712e+14  6.34414e-06
  2.77287e+14  6.03080e-06
  2.85069e+14  5.73057e-06
  2.93076e+14  5.44252e-06
  3.01301e+14  5.16672e-06
  3.09756e+14  4.90252e-06
  3.18456e+14  4.64936e-06
  3.27393e+14  4.40724e-06
  3.36589e+14  4.17543e-06
  3.46035e+14  3.95393e-06
  3.55746e+14  3.74221e-06
  3.65738e+14  3.53974e-06
  3.76002e+14  3.34658e-06
  3.86563e+14  3.16202e-06
  3.97411e+14  2.98610e-06
  4.08564e+14  2.81833e-06
  4.20039e+14  2.65831e-06
  4.31827e+14  2.50598e-06
  4.43956e+14  2.36082e-06
  4.56415e+14  2.22280e-06
  4.69224e+14  2.09152e-06
  4.82403e+14  1.96663e-06
  4.95941e+14  1.84808e-06
  5.09871e+14  1.73541e-06
  5.24179e+14  1.62860e-06
  5.38889e+14  1.52729e-06
  5.54026e+14  1.43119e-06
  5.69574e+14  1.34025e-06
  5.85572e+14  1.25409e-06
  6.02005e+14  1.17266e-06
  6.18900e+14  1.09568e-06
  6.36282e+14  1.02290e-06
  6.54139e+14  9.54250e-07
  6.72511e+14  8.89438e-07
  6.91385e+14  8.28392e-07
  7.10805e+14  7.70840e-07
  7.30751e+14  7.16721e-07
  7.51259e+14  6.65819e-07
  7.72361e+14  6.17941e-07
  7.94036e+14  5.73023e-07
  8.16338e+14  5.30847e-07
  8.39248e+14  4.91342e-07
  8.62800e+14  4.54341e-07
  8.87033e+14  4.19687e-07
  9.11927e+14  3.87315e-07
  9.37540e+14  3.57052e-07
  9.63851e+14  3.28833e-07
  9.90900e+14  3.02524e-07
  1.01873e+15  2.77998e-07
  1.04732e+15  2.55200e-07
  1.07674e+15  2.33988e-07
  1.10696e+15  2.14310e-07
  1.13802e+15  1.96057e-07
  1.16998e+15  1.79132e-07
  1.20282e+15  1.63480e-07
  1.23660e+15  1.49000e-07
  1.27131e+15  1.35640e-07
  1.30698e+15  1.23318e-07
  1.34369e+15  1.11959e-07
  1.38140e+15  1.01517e-07
  1.42020e+15  9.19147e-08
  1.46006e+15  8.31115e-08
  1.50103e+15  7.50435e-08
  1.54319e+15  6.76533e-08
  1.58650e+15  6.09054e-08
  1.63106e+15  5.47423e-08
  1.67683e+15  4.91305e-08
  1.72389e+15  4.40242e-08
  1.77231e+15  3.93810e-08
  1.82205e+15  3.51724e-08
  1.87322e+15  3.13576e-08
  1.92579e+15  2.79108e-08
  1.97984e+15  2.47992e-08
  2.03545e+15  2.19927e-08
  2.09257e+15  1.94698e-08
  2.15135e+15  1.72021e-08
  2.21172e+15  1.51709e-08
  2.27384e+15  1.33520e-08
  2.33765e+15  1.17289e-08
  2.40326e+15  1.02820e-08
  2.47076e+15  8.99386e-09
  2.54010e+15  7.85112e-09
  2.61144e+15  6.83786e-09
  2.68472e+15  5.94275e-09
  2.76007e+15  5.15309e-09
  2.83759e+15  4.45743e-09
  2.91722e+15  3.84696e-09
  2.99916e+15  3.31158e-09
  3.08333e+15  2.84400e-09
  3.16986e+15  2.43625e-09
  3.25889e+15  2.08128e-09
  3.35035e+15  1.77353e-09
  3.44445e+15  1.50698e-09
  3.54111e+15  1.27710e-09
  3.64049e+15  1.07923e-09
  3.74274e+15  9.09243e-10
  3.84778e+15  7.63859e-10
  3.95586e+15  6.39670e-10
  4.06686e+15  5.34097e-10
  4.18100e+15  4.44528e-10
  4.29843e+15  3.68715e-10
  4.41907e+15  3.04861e-10
  4.54318e+15  2.51165e-10
  4.67068e+15  2.06234e-10
  4.80176e+15  1.68736e-10
  4.93662e+15  1.37525e-10
  5.07516e+15  1.11683e-10
  5.21771e+15  9.03292e-11
  5.36414e+15  7.27790e-11
  5.51468e+15  5.83986e-11
  5.66956e+15  4.66525e-11
  5.82867e+15  3.71121e-11
  5.99239e+15  2.93820e-11
  6.16056e+15  2.31562e-11
  6.33344e+15  1.81596e-11
  6.51134e+15  1.41631e-11
  6.69407e+15  1.09869e-11
  6.88208e+15  8.46996e-12
  7.07522e+15  6.48821e-12
  7.27394e+15  4.93294e-12
  7.47807e+15  3.72037e-12
  7.68794e+15  2.77907e-12
  7.90387e+15  2.05158e-12
  8.12568e+15  1.49322e-12
  8.35392e+15  1.06633e-12
  8.58836e+15  7.42339e-13
  8.82937e+15  4.97668e-13
  9.07737e+15  3.13793e-13
  9.33212e+15  1.76696e-13
  9.59422e+15  7.49339e-14
  9.86348e+15      0.00000
